Model loaded successfully from 'datasets/dummy6.txt'
Set parameter Username
Academic license - for non-commercial use only - expires 2023-07-15
t[0][1]=10.44030650891055
t[0][2]=9.433981132056603
t[0][3]=14.866068747318506
t[0][4]=7.810249675906654
t[0][5]=2.23606797749979
t[0][6]=14.422205101855956
t[0][7]=11.180339887498949
t[0][8]=26.40075756488817
t[0][9]=21.095023109728988
t[0][10]=14.317821063276353
t[1][0]=10.44030650891055
t[1][2]=7.0710678118654755
t[1][3]=7.0710678118654755
t[1][4]=4.47213595499958
t[1][5]=9.055385138137417
t[1][6]=5.385164807134504
t[1][7]=8.602325267042627
t[1][8]=18.973665961010276
t[1][9]=15.033296378372908
t[1][10]=13.038404810405298
t[2][0]=9.433981132056603
t[2][1]=7.0710678118654755
t[2][3]=6.324555320336759
t[2][4]=3.1622776601683795
t[2][5]=7.211102550927978
t[2][6]=7.0
t[2][7]=2.0
t[2][8]=17.029386365926403
t[2][9]=11.661903789690601
t[2][10]=6.324555320336759
t[3][0]=14.866068747318506
t[3][1]=7.0710678118654755
t[3][2]=6.324555320336759
t[3][4]=7.0710678118654755
t[3][5]=12.806248474865697
t[3][6]=2.23606797749979
t[3][7]=6.0
t[3][8]=12.083045973594572
t[3][9]=8.0
t[3][10]=8.94427190999916
t[4][0]=7.810249675906654
t[4][1]=4.47213595499958
t[4][2]=3.1622776601683795
t[4][3]=7.0710678118654755
t[4][5]=5.830951894845301
t[4][6]=6.708203932499369
t[4][7]=5.0990195135927845
t[4][8]=18.867962264113206
t[4][9]=13.92838827718412
t[4][10]=9.486832980505138
t[5][0]=2.23606797749979
t[5][1]=9.055385138137417
t[5][2]=7.211102550927978
t[5][3]=12.806248474865697
t[5][4]=5.830951894845301
t[5][6]=12.529964086141668
t[5][7]=8.94427190999916
t[5][8]=24.20743687382041
t[5][9]=18.867962264113206
t[5][10]=12.165525060596439
t[6][0]=14.422205101855956
t[6][1]=5.385164807134504
t[6][2]=7.0
t[6][3]=2.23606797749979
t[6][4]=6.708203932499369
t[6][5]=12.529964086141668
t[6][7]=7.280109889280518
t[6][8]=13.601470508735444
t[6][9]=10.04987562112089
t[6][10]=10.816653826391969
t[7][0]=11.180339887498949
t[7][1]=8.602325267042627
t[7][2]=2.0
t[7][3]=6.0
t[7][4]=5.0990195135927845
t[7][5]=8.94427190999916
t[7][6]=7.280109889280518
t[7][8]=15.556349186104045
t[7][9]=10.0
t[7][10]=4.47213595499958
t[8][0]=26.40075756488817
t[8][1]=18.973665961010276
t[8][2]=17.029386365926403
t[8][3]=12.083045973594572
t[8][4]=18.867962264113206
t[8][5]=24.20743687382041
t[8][6]=13.601470508735444
t[8][7]=15.556349186104045
t[8][9]=5.830951894845301
t[8][10]=14.7648230602334
t[9][0]=21.095023109728988
t[9][1]=15.033296378372908
t[9][2]=11.661903789690601
t[9][3]=8.0
t[9][4]=13.92838827718412
t[9][5]=18.867962264113206
t[9][6]=10.04987562112089
t[9][7]=10.0
t[9][8]=5.830951894845301
t[9][10]=8.94427190999916
t[10][0]=14.317821063276353
t[10][1]=13.038404810405298
t[10][2]=6.324555320336759
t[10][3]=8.94427190999916
t[10][4]=9.486832980505138
t[10][5]=12.165525060596439
t[10][6]=10.816653826391969
t[10][7]=4.47213595499958
t[10][8]=14.7648230602334
t[10][9]=8.94427190999916
Set parameter TimeLimit to value 10
Gurobi Optimizer version 9.5.2 build v9.5.2rc0 (linux64)
Thread count: 8 physical cores, 16 logical processors, using up to 16 threads
Optimize a model with 962 rows, 614 columns and 4660 nonzeros
Model fingerprint: 0x73a8388f
Model has 40 general constraints
Variable types: 134 continuous, 480 integer (480 binary)
Coefficient statistics:
  Matrix range     [1e+00, 1e+04]
  Objective range  [1e+00, 3e+01]
  Bounds range     [1e+00, 1e+00]
  RHS range        [1e+00, 1e+04]
Presolve added 70 rows and 110 columns
Presolve time: 0.01s
Presolved: 1032 rows, 724 columns, 4880 nonzeros
Presolved model has 80 SOS constraint(s)
Variable types: 164 continuous, 560 integer (560 binary)

Root relaxation: objective 4.234714e+01, 211 iterations, 0.00 seconds (0.00 work units)

    Nodes    |    Current Node    |     Objective Bounds      |     Work
 Expl Unexpl |  Obj  Depth IntInf | Incumbent    BestBd   Gap | It/Node Time

     0     0   42.34714    0   44          -   42.34714      -     -    0s
     0     0   42.34714    0   73          -   42.34714      -     -    0s
     0     0   42.34714    0   78          -   42.34714      -     -    0s
H    0     0                    99278.449863   42.34798   100%     -    0s
     0     0   42.34798    0   50 99278.4499   42.34798   100%     -    0s
H    0     0                    99266.798673   43.28415   100%     -    0s
     0     0   43.28415    0   97 99266.7987   43.28415   100%     -    0s
H    0     0                    99263.002045   44.84582   100%     -    0s
H    0     0                    99255.790942   44.84582   100%     -    0s
     0     0   44.84582    0   72 99255.7909   44.84582   100%     -    0s
H    0     0                    69564.141832   44.84582   100%     -    0s
H    0     0                     932.7515735   46.09517  95.1%     -    0s
     0     0   46.09517    0   62  932.75157   46.09517  95.1%     -    0s
     0     0   46.09517    0   65  932.75157   46.09517  95.1%     -    0s
     0     0   53.05819    0  105  932.75157   53.05819  94.3%     -    0s
H    0     0                     763.0894358   53.05819  93.0%     -    0s
     0     0   53.05819    0  114  763.08944   53.05819  93.0%     -    0s
     0     0   54.08297    0  169  763.08944   54.08297  92.9%     -    0s
H    0     0                     608.1293805   54.08297  91.1%     -    0s
     0     0   54.13831    0  127  608.12938   54.13831  91.1%     -    0s
     0     0   54.14249    0  164  608.12938   54.14249  91.1%     -    0s
     0     0   55.82765    0  105  608.12938   55.82765  90.8%     -    0s
     0     0   55.96187    0  115  608.12938   55.96187  90.8%     -    0s
     0     0   55.96187    0  116  608.12938   55.96187  90.8%     -    0s
     0     0   56.40271    0  156  608.12938   56.40271  90.7%     -    0s
     0     0   56.58742    0  109  608.12938   56.58742  90.7%     -    0s
     0     0   57.17964    0  112  608.12938   57.17964  90.6%     -    0s
H    0     0                     605.1898974   57.17964  90.6%     -    0s
     0     0   57.23157    0   90  605.18990   57.23157  90.5%     -    0s
     0     0   57.42369    0   57  605.18990   57.42369  90.5%     -    0s
     0     0   57.42369    0   52  605.18990   57.42369  90.5%     -    0s
H    0     0                     485.8907400   57.42369  88.2%     -    0s
     0     0   58.08715    0   89  485.89074   58.08715  88.0%     -    0s
     0     0   58.08715    0   84  485.89074   58.08715  88.0%     -    0s
     0     0   58.53147    0  112  485.89074   58.53147  88.0%     -    0s
     0     0   58.54280    0  160  485.89074   58.54280  88.0%     -    0s
     0     0   58.54280    0  162  485.89074   58.54280  88.0%     -    0s
     0     0   60.23384    0   81  485.89074   60.23384  87.6%     -    0s
     0     0   60.23384    0   84  485.89074   60.23384  87.6%     -    0s
H    0     0                     484.1783725   60.23384  87.6%     -    0s
     0     0   60.23384    0   85  484.17837   60.23384  87.6%     -    0s
     0     0   60.23384    0   42  484.17837   60.23384  87.6%     -    0s
H    0     0                     457.7989809   60.23969  86.8%     -    0s
     0     2   60.23969    0   42  457.79898   60.23969  86.8%     -    0s
H   32    38                     415.8795074   60.49804  85.5%  37.2    0s
H   68    65                     381.4033476   60.49804  84.1%  33.7    0s
H   78    65                     369.4792765   60.49804  83.6%  33.3    0s
H  180   118                     336.4815517   60.49804  82.0%  28.1    0s
*  429   227              31     332.9702539   60.49804  81.8%  19.6    0s
*  440   247              42     320.3513848   60.49804  81.1%  19.4    0s
* 1062   472              43     289.5470394   64.08132  77.9%  17.7    0s
* 1724   494              30     261.5409944   66.22563  74.7%  18.5    1s
* 2731   845              40     251.9284433   85.35499  66.1%  20.6    1s
H 2890   814                     239.7548474   89.57067  62.6%  20.6    1s
H 2906   783                     236.4276654  155.46109  34.2%  20.5    2s
H 2912   747                     230.9394095  167.26054  27.6%  20.4    2s
H 2912   709                     222.1183968  167.26054  24.7%  20.4    2s
H 2919   678                     209.3354521  176.06657  15.9%  20.4    2s
* 3108   665              31     205.3424689  187.01187  8.93%  22.3    3s
H 3251   571                     205.3424686  187.17584  8.85%  21.9    3s

Cutting planes:
  Learned: 1
  Implied bound: 30
  Projected implied bound: 1
  Clique: 14
  MIR: 11
  Flow cover: 53
  Inf proof: 2
  Zero half: 2
  Mod-K: 2
  RLT: 4
  Relax-and-lift: 61

Explored 3561 nodes (76967 simplex iterations) in 3.70 seconds (3.72 work units)
Thread count was 16 (of 16 available processors)

Solution count 10: 205.342 205.342 209.335 ... 289.547

Optimal solution found (tolerance 1.00e-04)
Best objective 2.053424685512e+02, best bound 2.053424685512e+02, gap 0.0000%
========= SOLUTION ==========
0 0 18.7
0 5 20.9
0 1 30.0
0 3 37.1
1 0 77.9
1 9 99.0
1 10 107.9
1 7 112.4
2 0 60.5
2 4 68.3
2 6 75.0
2 2 82.0
3 0 238.6
3 8 265.0
==========================
========= SOLUTION (description) ==========
Bus 0
	t=18.7	PUB ->  (5) t=20.9
	t=20.9	(5) ->  (1) t=30.0
	t=30.0	(1) ->  (3) t=37.1
	t=37.1	(3) ->  PUB
Bus 1
	t=77.9	PUB ->  (9) t=99.0
	t=99.0	(9) ->  (10) t=107.9
	t=107.9	(10) ->  (7) t=112.4
	t=112.4	(7) ->  PUB
Bus 2
	t=60.5	PUB ->  (4) t=68.3
	t=68.3	(4) ->  (6) t=75.0
	t=75.0	(6) ->  (2) t=82.0
	t=82.0	(2) ->  PUB
Bus 3
	t=238.6	PUB ->  (8) t=265.0
	t=265.0	(8) ->  PUB
==========================================
========= SOLUTION COST ==========
205.34246855111618
==========================================
