Model loaded successfully from 'datasets/dummy8.txt'
Set parameter Username
Academic license - for non-commercial use only - expires 2023-07-15
t[0][1]=7.0710678118654755
t[0][2]=8.246211251235321
t[0][3]=12.206555615733702
t[0][4]=11.40175425099138
t[0][5]=7.615773105863909
t[0][6]=3.605551275463989
t[0][7]=5.385164807134504
t[0][8]=8.48528137423857
t[0][9]=10.63014581273465
t[0][10]=12.165525060596439
t[0][11]=16.492422502470642
t[0][12]=13.152946437965905
t[0][13]=28.178005607210743
t[0][14]=17.69180601295413
t[0][15]=28.653097563788805
t[0][16]=25.079872407968907
t[0][17]=31.38470965295043
t[0][18]=24.08318915758459
t[0][19]=18.027756377319946
t[0][20]=21.93171219946131
t[0][21]=13.152946437965905
t[0][22]=29.206163733020468
t[0][23]=19.235384061671343
t[0][24]=23.021728866442675
t[0][25]=26.92582403567252
t[0][26]=6.082762530298219
t[0][27]=33.015148038438355
t[0][28]=23.345235059857504
t[0][29]=6.324555320336759
t[0][30]=9.486832980505138
t[0][31]=37.64306044943742
t[0][32]=29.068883707497267
t[0][33]=20.0
t[0][34]=19.1049731745428
t[0][35]=18.24828759089466
t[0][36]=13.601470508735444
t[0][37]=12.041594578792296
t[0][38]=8.246211251235321
t[0][39]=17.0
t[0][40]=20.8806130178211
t[0][41]=20.518284528683193
t[0][42]=13.601470508735444
t[1][0]=7.0710678118654755
t[1][2]=4.242640687119285
t[1][3]=5.385164807134504
t[1][4]=4.47213595499958
t[1][5]=2.8284271247461903
t[1][6]=3.605551275463989
t[1][7]=3.0
t[1][8]=1.4142135623730951
t[1][9]=3.605551275463989
t[1][10]=7.615773105863909
t[1][11]=11.045361017187261
t[1][12]=8.54400374531753
t[1][13]=21.540659228538015
t[1][14]=10.63014581273465
t[1][15]=21.93171219946131
t[1][16]=18.681541692269406
t[1][17]=24.596747752497688
t[1][18]=17.029386365926403
t[1][19]=11.180339887498949
t[1][20]=14.866068747318506
t[1][21]=8.54400374531753
t[1][22]=22.20360331117452
t[1][23]=14.142135623730951
t[1][24]=16.1245154965971
t[1][25]=20.12461179749811
t[1][26]=4.123105625617661
t[1][27]=26.076809620810597
t[1][28]=16.278820596099706
t[1][29]=3.1622776601683795
t[1][30]=4.47213595499958
t[1][31]=30.610455730027933
t[1][32]=22.47220505424423
t[1][33]=13.038404810405298
t[1][34]=14.317821063276353
t[1][35]=13.152946437965905
t[1][36]=6.708203932499369
t[1][37]=8.06225774829855
t[1][38]=4.242640687119285
t[1][39]=10.44030650891055
t[1][40]=15.033296378372908
t[1][41]=13.45362404707371
t[1][42]=8.06225774829855
t[2][0]=8.246211251235321
t[2][1]=4.242640687119285
t[2][3]=5.385164807134504
t[2][4]=7.0710678118654755
t[2][5]=7.0710678118654755
t[2][6]=5.0
t[2][7]=6.708203932499369
t[2][8]=4.47213595499958
t[2][9]=6.082762530298219
t[2][10]=4.0
t[2][11]=8.246211251235321
t[2][12]=12.529964086141668
t[2][13]=20.248456731316587
t[2][14]=11.180339887498949
t[2][15]=20.808652046684813
t[2][16]=21.095023109728988
t[2][17]=26.248809496813376
t[2][18]=17.88854381999832
t[2][19]=10.63014581273465
t[2][20]=15.264337522473747
t[2][21]=5.0
t[2][22]=21.93171219946131
t[2][23]=17.72004514666935
t[2][24]=15.556349186104045
t[2][25]=21.840329667841555
t[2][26]=8.06225774829855
t[2][27]=27.313000567495326
t[2][28]=17.0
t[2][29]=2.0
t[2][30]=1.4142135623730951
t[2][31]=31.38470965295043
t[2][32]=21.095023109728988
t[2][33]=12.806248474865697
t[2][34]=18.027756377319946
t[2][35]=10.04987562112089
t[2][36]=6.708203932499369
t[2][37]=12.206555615733702
t[2][38]=0.0
t[2][39]=9.219544457292887
t[2][40]=18.110770276274835
t[2][41]=13.892443989449804
t[2][42]=5.385164807134504
t[3][0]=12.206555615733702
t[3][1]=5.385164807134504
t[3][2]=5.385164807134504
t[3][4]=3.605551275463989
t[3][5]=7.0
t[3][6]=8.602325267042627
t[3][7]=8.246211251235321
t[3][8]=4.123105625617661
t[3][9]=3.1622776601683795
t[3][10]=5.385164807134504
t[3][11]=6.708203932499369
t[3][12]=10.0
t[3][13]=16.15549442140351
t[3][14]=5.830951894845301
t[3][15]=16.55294535724685
t[3][16]=16.0
t[3][17]=20.8806130178211
t[3][18]=12.529964086141668
t[3][19]=5.830951894845301
t[3][20]=10.0
t[3][21]=5.830951894845301
t[3][22]=17.029386365926403
t[3][23]=13.892443989449804
t[3][24]=10.816653826391969
t[3][25]=16.492422502470642
t[3][26]=9.055385138137417
t[3][27]=21.93171219946131
t[3][28]=11.661903789690601
t[3][29]=6.4031242374328485
t[3][30]=4.123105625617661
t[3][31]=26.076809620810597
t[3][32]=17.08800749063506
t[3][33]=7.810249675906654
t[3][34]=14.422205101855956
t[3][35]=8.94427190999916
t[3][36]=1.4142135623730951
t[3][37]=10.295630140987
t[3][38]=5.385164807134504
t[3][39]=5.0990195135927845
t[3][40]=13.601470508735444
t[3][41]=8.602325267042627
t[3][42]=4.242640687119285
t[4][0]=11.40175425099138
t[4][1]=4.47213595499958
t[4][2]=7.0710678118654755
t[4][3]=3.605551275463989
t[4][5]=4.47213595499958
t[4][6]=8.06225774829855
t[4][7]=6.4031242374328485
t[4][8]=3.1622776601683795
t[4][9]=1.0
t[4][10]=8.602325267042627
t[4][11]=10.295630140987
t[4][12]=6.4031242374328485
t[4][13]=18.439088914585774
t[4][14]=6.708203932499369
t[4][15]=18.681541692269406
t[4][16]=14.317821063276353
t[4][17]=20.12461179749811
t[4][18]=12.727922061357855
t[4][19]=8.06225774829855
t[4][20]=10.816653826391969
t[4][21]=9.219544457292887
t[4][22]=18.35755975068582
t[4][23]=10.770329614269007
t[4][24]=12.649110640673518
t[4][25]=15.652475842498529
t[4][26]=6.708203932499369
t[4][27]=21.633307652783937
t[4][28]=12.041594578792296
t[4][29]=7.0710678118654755
t[4][30]=6.324555320336759
t[4][31]=26.248809496813376
t[4][32]=19.4164878389476
t[4][33]=9.486832980505138
t[4][34]=11.180339887498949
t[4][35]=12.529964086141668
t[4][36]=4.123105625617661
t[4][37]=6.708203932499369
t[4][38]=7.0710678118654755
t[4][39]=8.06225774829855
t[4][40]=11.045361017187261
t[4][41]=9.433981132056603
t[4][42]=7.810249675906654
t[5][0]=7.615773105863909
t[5][1]=2.8284271247461903
t[5][2]=7.0710678118654755
t[5][3]=7.0
t[5][4]=4.47213595499958
t[5][6]=5.0
t[5][7]=2.23606797749979
t[5][8]=3.1622776601683795
t[5][9]=4.123105625617661
t[5][10]=10.295630140987
t[5][11]=13.341664064126334
t[5][12]=6.082762530298219
t[5][13]=22.80350850198276
t[5][14]=11.180339887498949
t[5][15]=23.08679276123039
t[5][16]=17.46424919657298
t[5][17]=23.853720883753127
t[5][18]=17.029386365926403
t[5][19]=12.36931687685298
t[5][20]=15.264337522473747
t[5][21]=11.180339887498949
t[5][22]=22.825424421026653
t[5][23]=12.0
t[5][24]=17.08800749063506
t[5][25]=19.4164878389476
t[5][26]=2.23606797749979
t[5][27]=25.612496949731394
t[5][28]=16.401219466856727
t[5][29]=5.830951894845301
t[5][30]=7.211102550927978
t[5][31]=30.4138126514911
t[5][32]=23.769728648009426
t[5][33]=13.92838827718412
t[5][34]=12.041594578792296
t[5][35]=15.524174696260024
t[5][36]=8.06225774829855
t[5][37]=5.385164807134504
t[5][38]=7.0710678118654755
t[5][39]=12.041594578792296
t[5][40]=13.341664064126334
t[5][41]=13.892443989449804
t[5][42]=10.44030650891055
t[6][0]=3.605551275463989
t[6][1]=3.605551275463989
t[6][2]=5.0
t[6][3]=8.602325267042627
t[6][4]=8.06225774829855
t[6][5]=5.0
t[6][7]=3.1622776601683795
t[6][8]=5.0
t[6][9]=7.211102550927978
t[6][10]=9.0
t[6][11]=13.152946437965905
t[6][12]=11.045361017187261
t[6][13]=24.596747752497688
t[6][14]=14.142135623730951
t[6][15]=25.059928172283335
t[6][16]=22.135943621178654
t[6][17]=28.178005607210743
t[6][18]=20.615528128088304
t[6][19]=14.422205101855956
t[6][20]=18.384776310850235
t[6][21]=10.0
t[6][22]=25.612496949731394
t[6][23]=17.0
t[6][24]=19.4164878389476
t[6][25]=23.706539182259394
t[6][26]=4.47213595499958
t[6][27]=29.68164415931166
t[6][28]=19.849433241279208
t[6][29]=3.0
t[6][30]=6.082762530298219
t[6][31]=34.20526275297414
t[6][32]=25.495097567963924
t[6][33]=16.401219466856727
t[6][34]=17.029386365926403
t[6][35]=15.033296378372908
t[6][36]=10.0
t[6][37]=10.198039027185569
t[6][38]=5.0
t[6][39]=13.416407864998739
t[6][40]=18.24828759089466
t[6][41]=16.97056274847714
t[6][42]=10.198039027185569
t[7][0]=5.385164807134504
t[7][1]=3.0
t[7][2]=6.708203932499369
t[7][3]=8.246211251235321
t[7][4]=6.4031242374328485
t[7][5]=2.23606797749979
t[7][6]=3.1622776601683795
t[7][8]=4.123105625617661
t[7][9]=5.830951894845301
t[7][10]=10.44030650891055
t[7][11]=14.035668847618199
t[7][12]=8.0
t[7][13]=24.351591323771842
t[7][14]=13.038404810405298
t[7][15]=24.698178070456937
t[7][16]=19.697715603592208
t[7][17]=26.076809620810597
t[7][18]=19.1049731745428
t[7][19]=13.92838827718412
t[7][20]=17.204650534085253
t[7][21]=11.40175425099138
t[7][22]=24.698178070456937
t[7][23]=14.035668847618199
t[7][24]=18.788294228055936
t[7][25]=21.633307652783937
t[7][26]=1.4142135623730951
t[7][27]=27.80287754891569
t[7][28]=18.439088914585774
t[7][29]=5.0
t[7][30]=7.280109889280518
t[7][31]=32.55764119219941
t[7][32]=25.298221281347036
t[7][33]=15.652475842498529
t[7][34]=14.0
t[7][35]=16.1245154965971
t[7][36]=9.486832980505138
t[7][37]=7.0710678118654755
t[7][38]=6.708203932499369
t[7][39]=13.341664064126334
t[7][40]=15.524174696260024
t[7][41]=15.811388300841896
t[7][42]=11.045361017187261
t[8][0]=8.48528137423857
t[8][1]=1.4142135623730951
t[8][2]=4.47213595499958
t[8][3]=4.123105625617661
t[8][4]=3.1622776601683795
t[8][5]=3.1622776601683795
t[8][6]=5.0
t[8][7]=4.123105625617661
t[8][9]=2.23606797749979
t[8][10]=7.211102550927978
t[8][11]=10.198039027185569
t[8][12]=8.06225774829855
t[8][13]=20.248456731316587
t[8][14]=9.219544457292887
t[8][15]=20.615528128088304
t[8][16]=17.46424919657298
t[8][17]=23.259406699226016
t[8][18]=15.620499351813308
t[8][19]=9.848857801796104
t[8][20]=13.45362404707371
t[8][21]=8.06225774829855
t[8][22]=20.808652046684813
t[8][23]=13.341664064126334
t[8][24]=14.7648230602334
t[8][25]=18.788294228055936
t[8][26]=5.0
t[8][27]=24.698178070456937
t[8][28]=14.866068747318506
t[8][29]=4.0
t[8][30]=4.242640687119285
t[8][31]=29.206163733020468
t[8][32]=21.18962010041709
t[8][33]=11.661903789690601
t[8][34]=13.601470508735444
t[8][35]=12.36931687685298
t[8][36]=5.385164807134504
t[8][37]=7.810249675906654
t[8][38]=4.47213595499958
t[8][39]=9.219544457292887
t[8][40]=14.0
t[8][41]=12.041594578792296
t[8][42]=7.280109889280518
t[9][0]=10.63014581273465
t[9][1]=3.605551275463989
t[9][2]=6.082762530298219
t[9][3]=3.1622776601683795
t[9][4]=1.0
t[9][5]=4.123105625617661
t[9][6]=7.211102550927978
t[9][7]=5.830951894845301
t[9][8]=2.23606797749979
t[9][10]=7.810249675906654
t[9][11]=9.848857801796104
t[9][12]=7.0710678118654755
t[9][13]=18.681541692269406
t[9][14]=7.211102550927978
t[9][15]=18.973665961010276
t[9][16]=15.297058540778355
t[9][17]=21.02379604162864
t[9][18]=13.45362404707371
t[9][19]=8.246211251235321
t[9][20]=11.40175425099138
t[9][21]=8.48528137423857
t[9][22]=18.867962264113206
t[9][23]=11.704699910719626
t[9][24]=13.0
t[9][25]=16.55294535724685
t[9][26]=6.324555320336759
t[9][27]=22.47220505424423
t[9][28]=12.727922061357855
t[9][29]=6.082762530298219
t[9][30]=5.385164807134504
t[9][31]=27.018512172212592
t[9][32]=19.6468827043885
t[9][33]=9.848857801796104
t[9][34]=12.083045973594572
t[9][35]=12.083045973594572
t[9][36]=4.0
t[9][37]=7.211102550927978
t[9][38]=6.082762530298219
t[9][39]=8.0
t[9][40]=12.041594578792296
t[9][41]=10.0
t[9][42]=7.211102550927978
t[10][0]=12.165525060596439
t[10][1]=7.615773105863909
t[10][2]=4.0
t[10][3]=5.385164807134504
t[10][4]=8.602325267042627
t[10][5]=10.295630140987
t[10][6]=9.0
t[10][7]=10.44030650891055
t[10][8]=7.211102550927978
t[10][9]=7.810249675906654
t[10][11]=4.47213595499958
t[10][12]=14.866068747318506
t[10][13]=17.029386365926403
t[10][14]=10.04987562112089
t[10][15]=17.69180601295413
t[10][16]=21.095023109728988
t[10][17]=25.317977802344327
t[10][18]=16.492422502470642
t[10][19]=8.54400374531753
t[10][20]=13.601470508735444
t[10][21]=1.0
t[10][22]=19.4164878389476
t[10][23]=19.235384061671343
t[10][24]=13.038404810405298
t[10][25]=21.095023109728988
t[10][26]=11.704699910719626
t[10][27]=25.96150997149434
t[10][28]=15.524174696260024
t[10][29]=6.0
t[10][30]=3.1622776601683795
t[10][31]=29.546573405388315
t[10][32]=17.804493814764857
t[10][33]=10.770329614269007
t[10][34]=19.72308292331602
t[10][35]=6.082762530298219
t[10][36]=6.082762530298219
t[10][37]=14.866068747318506
t[10][38]=4.0
t[10][39]=6.708203932499369
t[10][40]=18.973665961010276
t[10][41]=12.36931687685298
t[10][42]=2.23606797749979
t[11][0]=16.492422502470642
t[11][1]=11.045361017187261
t[11][2]=8.246211251235321
t[11][3]=6.708203932499369
t[11][4]=10.295630140987
t[11][5]=13.341664064126334
t[11][6]=13.152946437965905
t[11][7]=14.035668847618199
t[11][8]=10.198039027185569
t[11][9]=9.848857801796104
t[11][10]=4.47213595499958
t[11][12]=16.64331697709324
t[11][13]=12.727922061357855
t[11][14]=8.54400374531753
t[11][15]=13.45362404707371
t[11][16]=19.924858845171276
t[11][17]=23.0
t[11][18]=14.0
t[11][19]=6.082762530298219
t[11][20]=11.0
t[11][21]=3.605551275463989
t[11][22]=15.652475842498529
t[11][23]=19.849433241279208
t[11][24]=9.486832980505138
t[11][25]=19.1049731745428
t[11][26]=15.132745950421556
t[11][27]=23.194827009486403
t[11][28]=13.0
t[11][29]=10.198039027185569
t[11][30]=7.0710678118654755
t[11][31]=26.248809496813376
t[11][32]=13.45362404707371
t[11][33]=8.0
t[11][34]=20.518284528683193
t[11][35]=2.23606797749979
t[11][36]=6.4031242374328485
t[11][37]=17.0
t[11][38]=8.246211251235321
t[11][39]=4.123105625617661
t[11][40]=18.867962264113206
t[11][41]=10.04987562112089
t[11][42]=3.0
t[12][0]=13.152946437965905
t[12][1]=8.54400374531753
t[12][2]=12.529964086141668
t[12][3]=10.0
t[12][4]=6.4031242374328485
t[12][5]=6.082762530298219
t[12][6]=11.045361017187261
t[12][7]=8.0
t[12][8]=8.06225774829855
t[12][9]=7.0710678118654755
t[12][10]=14.866068747318506
t[12][11]=16.64331697709324
t[12][13]=23.0
t[12][14]=11.045361017187261
t[12][15]=23.021728866442675
t[12][16]=12.806248474865697
t[12][17]=19.79898987322333
t[12][18]=14.866068747318506
t[12][19]=13.341664064126334
t[12][20]=14.142135623730951
t[12][21]=15.556349186104045
t[12][22]=21.587033144922902
t[12][23]=6.082762530298219
t[12][24]=17.0
t[12][25]=15.620499351813308
t[12][26]=7.0710678118654755
t[12][27]=22.02271554554524
t[12][28]=14.560219778561036
t[12][29]=11.704699910719626
t[12][30]=12.206555615733702
t[12][31]=27.202941017470888
t[12][32]=24.0
t[12][33]=14.035668847618199
t[12][34]=6.0
t[12][35]=18.867962264113206
t[12][36]=10.295630140987
t[12][37]=1.4142135623730951
t[12][38]=12.529964086141668
t[12][39]=13.92838827718412
t[12][40]=8.06225774829855
t[12][41]=13.038404810405298
t[12][42]=14.212670403551895
t[13][0]=28.178005607210743
t[13][1]=21.540659228538015
t[13][2]=20.248456731316587
t[13][3]=16.15549442140351
t[13][4]=18.439088914585774
t[13][5]=22.80350850198276
t[13][6]=24.596747752497688
t[13][7]=24.351591323771842
t[13][8]=20.248456731316587
t[13][9]=18.681541692269406
t[13][10]=17.029386365926403
t[13][11]=12.727922061357855
t[13][12]=23.0
t[13][14]=12.041594578792296
t[13][15]=1.0
t[13][16]=18.027756377319946
t[13][17]=16.64331697709324
t[13][18]=10.295630140987
t[13][19]=10.44030650891055
t[13][20]=9.219544457292887
t[13][21]=16.278820596099706
t[13][22]=5.385164807134504
t[13][23]=22.80350850198276
t[13][24]=6.0
t[13][25]=14.866068747318506
t[13][26]=25.0
t[13][27]=15.231546211727817
t[13][28]=9.848857801796104
t[13][29]=21.95449840010015
t[13][30]=18.867962264113206
t[13][31]=16.0312195418814
t[13][32]=1.0
t[13][33]=9.055385138137417
t[13][34]=23.769728648009426
t[13][35]=12.206555615733702
t[13][36]=14.866068747318506
t[13][37]=24.020824298928627
t[13][38]=20.248456731316587
t[13][39]=11.180339887498949
t[13][40]=20.248456731316587
t[13][41]=10.04987562112089
t[13][42]=15.0
t[14][0]=17.69180601295413
t[14][1]=10.63014581273465
t[14][2]=11.180339887498949
t[14][3]=5.830951894845301
t[14][4]=6.708203932499369
t[14][5]=11.180339887498949
t[14][6]=14.142135623730951
t[14][7]=13.038404810405298
t[14][8]=9.219544457292887
t[14][9]=7.211102550927978
t[14][10]=10.04987562112089
t[14][11]=8.54400374531753
t[14][12]=11.045361017187261
t[14][13]=12.041594578792296
t[14][15]=12.165525060596439
t[14][16]=11.40175425099138
t[14][17]=15.297058540778355
t[14][18]=6.708203932499369
t[14][19]=2.8284271247461903
t[14][20]=4.242640687119285
t[14][21]=10.0
t[14][22]=11.661903789690601
t[14][23]=12.206555615733702
t[14][24]=6.082762530298219
t[14][25]=11.045361017187261
t[14][26]=13.416407864998739
t[14][27]=16.15549442140351
t[14][28]=5.830951894845301
t[14][29]=12.206555615733702
t[14][30]=9.848857801796104
t[14][31]=20.248456731316587
t[14][32]=13.038404810405298
t[14][33]=3.0
t[14][34]=13.038404810405298
t[14][35]=10.295630140987
t[14][36]=4.47213595499958
t[14][37]=12.0
t[14][38]=11.180339887498949
t[14][39]=4.47213595499958
t[14][40]=10.63014581273465
t[14][41]=2.8284271247461903
t[14][42]=8.0
t[15][0]=28.653097563788805
t[15][1]=21.93171219946131
t[15][2]=20.808652046684813
t[15][3]=16.55294535724685
t[15][4]=18.681541692269406
t[15][5]=23.08679276123039
t[15][6]=25.059928172283335
t[15][7]=24.698178070456937
t[15][8]=20.615528128088304
t[15][9]=18.973665961010276
t[15][10]=17.69180601295413
t[15][11]=13.45362404707371
t[15][12]=23.021728866442675
t[15][13]=1.0
t[15][14]=12.165525060596439
t[15][16]=17.4928556845359
t[15][17]=15.811388300841896
t[15][18]=9.848857801796104
t[15][19]=10.770329614269007
t[15][20]=9.055385138137417
t[15][21]=16.97056274847714
t[15][22]=4.47213595499958
t[15][23]=22.561028345356956
t[15][24]=6.082762530298219
t[15][25]=14.212670403551895
t[15][26]=25.298221281347036
t[15][27]=14.317821063276353
t[15][28]=9.486832980505138
t[15][29]=22.47220505424423
t[15][30]=19.4164878389476
t[15][31]=15.033296378372908
t[15][32]=1.4142135623730951
t[15][33]=9.219544457292887
t[15][34]=23.53720459187964
t[15][35]=13.038404810405298
t[15][36]=15.231546211727817
t[15][37]=24.08318915758459
t[15][38]=20.808652046684813
t[15][39]=11.661903789690601
t[15][40]=19.924858845171276
t[15][41]=10.0
t[15][42]=15.620499351813308
t[16][0]=25.079872407968907
t[16][1]=18.681541692269406
t[16][2]=21.095023109728988
t[16][3]=16.0
t[16][4]=14.317821063276353
t[16][5]=17.46424919657298
t[16][6]=22.135943621178654
t[16][7]=19.697715603592208
t[16][8]=17.46424919657298
t[16][9]=15.297058540778355
t[16][10]=21.095023109728988
t[16][11]=19.924858845171276
t[16][12]=12.806248474865697
t[16][13]=18.027756377319946
t[16][14]=11.40175425099138
t[16][15]=17.4928556845359
t[16][17]=7.211102550927978
t[16][18]=7.810249675906654
t[16][19]=13.92838827718412
t[16][20]=10.0
t[16][21]=21.213203435596427
t[16][22]=13.92838827718412
t[16][23]=8.06225774829855
t[16][24]=13.45362404707371
t[16][25]=4.0
t[16][26]=19.235384061671343
t[16][27]=9.848857801796104
t[16][28]=8.48528137423857
t[16][29]=21.37755832643195
t[16][30]=20.024984394500787
t[16][31]=15.231546211727817
t[16][32]=18.867962264113206
t[16][33]=12.529964086141668
t[16][34]=8.94427190999916
t[16][35]=21.540659228538015
t[16][36]=15.033296378372908
t[16][37]=14.212670403551895
t[16][38]=21.095023109728988
t[16][39]=15.811388300841896
t[16][40]=5.0
t[16][41]=10.295630140987
t[16][42]=19.235384061671343
t[17][0]=31.38470965295043
t[17][1]=24.596747752497688
t[17][2]=26.248809496813376
t[17][3]=20.8806130178211
t[17][4]=20.12461179749811
t[17][5]=23.853720883753127
t[17][6]=28.178005607210743
t[17][7]=26.076809620810597
t[17][8]=23.259406699226016
t[17][9]=21.02379604162864
t[17][10]=25.317977802344327
t[17][11]=23.0
t[17][12]=19.79898987322333
t[17][13]=16.64331697709324
t[17][14]=15.297058540778355
t[17][15]=15.811388300841896
t[17][16]=7.211102550927978
t[17][18]=9.0
t[17][19]=17.029386365926403
t[17][20]=12.0
t[17][21]=25.179356624028344
t[17][22]=11.40175425099138
t[17][23]=15.264337522473747
t[17][24]=14.317821063276353
t[17][25]=4.47213595499958
t[17][26]=25.80697580112788
t[17][27]=3.0
t[17][28]=10.0
t[17][29]=26.92582403567252
t[17][30]=25.0
t[17][31]=8.246211251235321
t[17][32]=17.204650534085253
t[17][33]=15.0
t[17][34]=16.1245154965971
t[17][35]=24.08318915758459
t[17][36]=19.6468827043885
t[17][37]=21.213203435596427
t[17][38]=26.248809496813376
t[17][39]=19.026297590440446
t[17][40]=12.206555615733702
t[17][41]=13.038404810405298
t[17][42]=23.194827009486403
t[18][0]=24.08318915758459
t[18][1]=17.029386365926403
t[18][2]=17.88854381999832
t[18][3]=12.529964086141668
t[18][4]=12.727922061357855
t[18][5]=17.029386365926403
t[18][6]=20.615528128088304
t[18][7]=19.1049731745428
t[18][8]=15.620499351813308
t[18][9]=13.45362404707371
t[18][10]=16.492422502470642
t[18][11]=14.0
t[18][12]=14.866068747318506
t[18][13]=10.295630140987
t[18][14]=6.708203932499369
t[18][15]=9.848857801796104
t[18][16]=7.810249675906654
t[18][17]=9.0
t[18][19]=8.06225774829855
t[18][20]=3.0
t[18][21]=16.278820596099706
t[18][22]=7.0
t[18][23]=13.038404810405298
t[18][24]=5.830951894845301
t[18][25]=5.385164807134504
t[18][26]=19.209372712298546
t[18][27]=9.486832980505138
t[18][28]=1.0
t[18][29]=18.867962264113206
t[18][30]=16.55294535724685
t[18][31]=13.601470508735444
t[18][32]=11.180339887498949
t[18][33]=6.0
t[18][34]=14.035668847618199
t[18][35]=15.132745950421556
t[18][36]=11.180339887498949
t[18][37]=16.15549442140351
t[18][38]=17.88854381999832
t[18][39]=10.04987562112089
t[18][40]=10.198039027185569
t[18][41]=4.123105625617661
t[18][42]=14.317821063276353
t[19][0]=18.027756377319946
t[19][1]=11.180339887498949
t[19][2]=10.63014581273465
t[19][3]=5.830951894845301
t[19][4]=8.06225774829855
t[19][5]=12.36931687685298
t[19][6]=14.422205101855956
t[19][7]=13.92838827718412
t[19][8]=9.848857801796104
t[19][9]=8.246211251235321
t[19][10]=8.54400374531753
t[19][11]=6.082762530298219
t[19][12]=13.341664064126334
t[19][13]=10.44030650891055
t[19][14]=2.8284271247461903
t[19][15]=10.770329614269007
t[19][16]=13.92838827718412
t[19][17]=17.029386365926403
t[19][18]=8.06225774829855
t[19][20]=5.0990195135927845
t[19][21]=8.246211251235321
t[19][22]=11.313708498984761
t[19][23]=15.0
t[19][24]=5.0
t[19][25]=13.038404810405298
t[19][26]=14.560219778561036
t[19][27]=17.46424919657298
t[19][28]=7.0710678118654755
t[19][29]=12.041594578792296
t[19][30]=9.219544457292887
t[19][31]=21.02379604162864
t[19][32]=11.40175425099138
t[19][33]=2.23606797749979
t[19][34]=15.811388300841896
t[19][35]=7.615773105863909
t[19][36]=4.47213595499958
t[19][37]=14.142135623730951
t[19][38]=10.63014581273465
t[19][39]=2.0
t[19][40]=13.45362404707371
t[19][41]=4.0
t[19][42]=6.324555320336759
t[20][0]=21.93171219946131
t[20][1]=14.866068747318506
t[20][2]=15.264337522473747
t[20][3]=10.0
t[20][4]=10.816653826391969
t[20][5]=15.264337522473747
t[20][6]=18.384776310850235
t[20][7]=17.204650534085253
t[20][8]=13.45362404707371
t[20][9]=11.40175425099138
t[20][10]=13.601470508735444
t[20][11]=11.0
t[20][12]=14.142135623730951
t[20][13]=9.219544457292887
t[20][14]=4.242640687119285
t[20][15]=9.055385138137417
t[20][16]=10.0
t[20][17]=12.0
t[20][18]=3.0
t[20][19]=5.0990195135927845
t[20][21]=13.341664064126334
t[20][22]=7.615773105863909
t[20][23]=13.601470508735444
t[20][24]=3.605551275463989
t[20][25]=8.246211251235321
t[20][26]=17.4928556845359
t[20][27]=12.36931687685298
t[20][28]=2.0
t[20][29]=16.401219466856727
t[20][30]=13.892443989449804
t[20][31]=16.1245154965971
t[20][32]=10.198039027185569
t[20][33]=3.0
t[20][34]=14.560219778561036
t[20][35]=12.165525060596439
t[20][36]=8.602325267042627
t[20][37]=15.297058540778355
t[20][38]=15.264337522473747
t[20][39]=7.0710678118654755
t[20][40]=11.180339887498949
t[20][41]=1.4142135623730951
t[20][42]=11.40175425099138
t[21][0]=13.152946437965905
t[21][1]=8.54400374531753
t[21][2]=5.0
t[21][3]=5.830951894845301
t[21][4]=9.219544457292887
t[21][5]=11.180339887498949
t[21][6]=10.0
t[21][7]=11.40175425099138
t[21][8]=8.06225774829855
t[21][9]=8.48528137423857
t[21][10]=1.0
t[21][11]=3.605551275463989
t[21][12]=15.556349186104045
t[21][13]=16.278820596099706
t[21][14]=10.0
t[21][15]=16.97056274847714
t[21][16]=21.213203435596427
t[21][17]=25.179356624028344
t[21][18]=16.278820596099706
t[21][19]=8.246211251235321
t[21][20]=13.341664064126334
t[21][22]=18.867962264113206
t[21][23]=19.72308292331602
t[21][24]=12.529964086141668
t[21][25]=21.02379604162864
t[21][26]=12.649110640673518
t[21][27]=25.709920264364882
t[21][28]=15.297058540778355
t[21][29]=7.0
t[21][30]=4.123105625617661
t[21][31]=29.154759474226502
t[21][32]=17.029386365926403
t[21][33]=10.44030650891055
t[21][34]=20.248456731316587
t[21][35]=5.0990195135927845
t[21][36]=6.324555320336759
t[21][37]=15.620499351813308
t[21][38]=5.0
t[21][39]=6.324555320336759
t[21][40]=19.313207915827967
t[21][41]=12.165525060596439
t[21][42]=2.0
t[22][0]=29.206163733020468
t[22][1]=22.20360331117452
t[22][2]=21.93171219946131
t[22][3]=17.029386365926403
t[22][4]=18.35755975068582
t[22][5]=22.825424421026653
t[22][6]=25.612496949731394
t[22][7]=24.698178070456937
t[22][8]=20.808652046684813
t[22][9]=18.867962264113206
t[22][10]=19.4164878389476
t[22][11]=15.652475842498529
t[22][12]=21.587033144922902
t[22][13]=5.385164807134504
t[22][14]=11.661903789690601
t[22][15]=4.47213595499958
t[22][16]=13.92838827718412
t[22][17]=11.40175425099138
t[22][18]=7.0
t[22][19]=11.313708498984761
t[22][20]=7.615773105863909
t[22][21]=18.867962264113206
t[22][23]=20.024984394500787
t[22][24]=6.4031242374328485
t[22][25]=10.295630140987
t[22][26]=25.059928172283335
t[22][27]=9.848857801796104
t[22][28]=7.0710678118654755
t[22][29]=23.345235059857504
t[22][30]=20.518284528683193
t[22][31]=11.045361017187261
t[22][32]=5.830951894845301
t[22][33]=9.219544457292887
t[22][34]=21.02379604162864
t[22][35]=15.811388300841896
t[22][36]=15.620499351813308
t[22][37]=22.80350850198276
t[22][38]=21.93171219946131
t[22][39]=12.806248474865697
t[22][40]=17.11724276862369
t[22][41]=8.94427190999916
t[22][42]=17.204650534085253
t[23][0]=19.235384061671343
t[23][1]=14.142135623730951
t[23][2]=17.72004514666935
t[23][3]=13.892443989449804
t[23][4]=10.770329614269007
t[23][5]=12.0
t[23][6]=17.0
t[23][7]=14.035668847618199
t[23][8]=13.341664064126334
t[23][9]=11.704699910719626
t[23][10]=19.235384061671343
t[23][11]=19.849433241279208
t[23][12]=6.082762530298219
t[23][13]=22.80350850198276
t[23][14]=12.206555615733702
t[23][15]=22.561028345356956
t[23][16]=8.06225774829855
t[23][17]=15.264337522473747
t[23][18]=13.038404810405298
t[23][19]=15.0
t[23][20]=13.601470508735444
t[23][21]=19.72308292331602
t[23][22]=20.024984394500787
t[23][24]=17.08800749063506
t[23][25]=11.704699910719626
t[23][26]=13.152946437965905
t[23][27]=17.88854381999832
t[23][28]=13.152946437965905
t[23][29]=17.26267650163207
t[23][30]=17.08800749063506
t[23][31]=23.259406699226016
t[23][32]=23.769728648009426
t[23][33]=14.7648230602334
t[23][34]=1.0
t[23][35]=21.93171219946131
t[23][36]=13.601470508735444
t[23][37]=7.280109889280518
t[23][38]=17.72004514666935
t[23][39]=16.278820596099706
t[23][40]=3.1622776601683795
t[23][41]=13.0
t[23][42]=18.027756377319946
t[24][0]=23.021728866442675
t[24][1]=16.1245154965971
t[24][2]=15.556349186104045
t[24][3]=10.816653826391969
t[24][4]=12.649110640673518
t[24][5]=17.08800749063506
t[24][6]=19.4164878389476
t[24][7]=18.788294228055936
t[24][8]=14.7648230602334
t[24][9]=13.0
t[24][10]=13.038404810405298
t[24][11]=9.486832980505138
t[24][12]=17.0
t[24][13]=6.0
t[24][14]=6.082762530298219
t[24][15]=6.082762530298219
t[24][16]=13.45362404707371
t[24][17]=14.317821063276353
t[24][18]=5.830951894845301
t[24][19]=5.0
t[24][20]=3.605551275463989
t[24][21]=12.529964086141668
t[24][22]=6.4031242374328485
t[24][23]=17.08800749063506
t[24][25]=11.180339887498949
t[24][26]=19.313207915827967
t[24][27]=14.0
t[24][28]=5.0
t[24][29]=17.029386365926403
t[24][30]=14.142135623730951
t[24][31]=16.76305461424021
t[24][32]=7.0
t[24][33]=3.1622776601683795
t[24][34]=18.027756377319946
t[24][35]=10.04987562112089
t[24][36]=9.433981132056603
t[24][37]=18.027756377319946
t[24][38]=15.556349186104045
t[24][39]=6.4031242374328485
t[24][40]=14.7648230602334
t[24][41]=4.123105625617661
t[24][42]=10.816653826391969
t[25][0]=26.92582403567252
t[25][1]=20.12461179749811
t[25][2]=21.840329667841555
t[25][3]=16.492422502470642
t[25][4]=15.652475842498529
t[25][5]=19.4164878389476
t[25][6]=23.706539182259394
t[25][7]=21.633307652783937
t[25][8]=18.788294228055936
t[25][9]=16.55294535724685
t[25][10]=21.095023109728988
t[25][11]=19.1049731745428
t[25][12]=15.620499351813308
t[25][13]=14.866068747318506
t[25][14]=11.045361017187261
t[25][15]=14.212670403551895
t[25][16]=4.0
t[25][17]=4.47213595499958
t[25][18]=5.385164807134504
t[25][19]=13.038404810405298
t[25][20]=8.246211251235321
t[25][21]=21.02379604162864
t[25][22]=10.295630140987
t[25][23]=11.704699910719626
t[25][24]=11.180339887498949
t[25][26]=21.400934559032695
t[25][27]=6.4031242374328485
t[25][28]=6.324555320336759
t[25][29]=22.47220505424423
t[25][30]=20.615528128088304
t[25][31]=11.661903789690601
t[25][32]=15.620499351813308
t[25][33]=11.180339887498949
t[25][34]=12.649110640673518
t[25][35]=20.396078054371138
t[25][36]=15.297058540778355
t[25][37]=17.029386365926403
t[25][38]=21.840329667841555
t[25][39]=15.033296378372908
t[25][40]=8.54400374531753
t[25][41]=9.055385138137417
t[25][42]=19.026297590440446
t[26][0]=6.082762530298219
t[26][1]=4.123105625617661
t[26][2]=8.06225774829855
t[26][3]=9.055385138137417
t[26][4]=6.708203932499369
t[26][5]=2.23606797749979
t[26][6]=4.47213595499958
t[26][7]=1.4142135623730951
t[26][8]=5.0
t[26][9]=6.324555320336759
t[26][10]=11.704699910719626
t[26][11]=15.132745950421556
t[26][12]=7.0710678118654755
t[26][13]=25.0
t[26][14]=13.416407864998739
t[26][15]=25.298221281347036
t[26][16]=19.235384061671343
t[26][17]=25.80697580112788
t[26][18]=19.209372712298546
t[26][19]=14.560219778561036
t[26][20]=17.4928556845359
t[26][21]=12.649110640673518
t[26][22]=25.059928172283335
t[26][23]=13.152946437965905
t[26][24]=19.313207915827967
t[26][25]=21.400934559032695
t[26][27]=27.65863337187866
t[26][28]=18.601075237738275
t[26][29]=6.4031242374328485
t[26][30]=8.54400374531753
t[26][31]=32.526911934581186
t[26][32]=25.96150997149434
t[26][33]=16.15549442140351
t[26][34]=13.038404810405298
t[26][35]=17.26267650163207
t[26][36]=10.198039027185569
t[26][37]=6.0
t[26][38]=8.06225774829855
t[26][39]=14.142135623730951
t[26][40]=14.866068747318506
t[26][41]=16.1245154965971
t[26][42]=12.165525060596439
t[27][0]=33.015148038438355
t[27][1]=26.076809620810597
t[27][2]=27.313000567495326
t[27][3]=21.93171219946131
t[27][4]=21.633307652783937
t[27][5]=25.612496949731394
t[27][6]=29.68164415931166
t[27][7]=27.80287754891569
t[27][8]=24.698178070456937
t[27][9]=22.47220505424423
t[27][10]=25.96150997149434
t[27][11]=23.194827009486403
t[27][12]=22.02271554554524
t[27][13]=15.231546211727817
t[27][14]=16.15549442140351
t[27][15]=14.317821063276353
t[27][16]=9.848857801796104
t[27][17]=3.0
t[27][18]=9.486832980505138
t[27][19]=17.46424919657298
t[27][20]=12.36931687685298
t[27][21]=25.709920264364882
t[27][22]=9.848857801796104
t[27][23]=17.88854381999832
t[27][24]=14.0
t[27][25]=6.4031242374328485
t[27][26]=27.65863337187866
t[27][28]=10.44030650891055
t[27][29]=28.178005607210743
t[27][30]=26.0
t[27][31]=5.385164807134504
t[27][32]=15.652475842498529
t[27][33]=15.297058540778355
t[27][34]=18.788294228055936
t[27][35]=24.020824298928627
t[27][36]=20.615528128088304
t[27][37]=23.430749027719962
t[27][38]=27.313000567495326
t[27][39]=19.4164878389476
t[27][40]=14.7648230602334
t[27][41]=13.601470508735444
t[27][42]=23.769728648009426
t[28][0]=23.345235059857504
t[28][1]=16.278820596099706
t[28][2]=17.0
t[28][3]=11.661903789690601
t[28][4]=12.041594578792296
t[28][5]=16.401219466856727
t[28][6]=19.849433241279208
t[28][7]=18.439088914585774
t[28][8]=14.866068747318506
t[28][9]=12.727922061357855
t[28][10]=15.524174696260024
t[28][11]=13.0
t[28][12]=14.560219778561036
t[28][13]=9.848857801796104
t[28][14]=5.830951894845301
t[28][15]=9.486832980505138
t[28][16]=8.48528137423857
t[28][17]=10.0
t[28][18]=1.0
t[28][19]=7.0710678118654755
t[28][20]=2.0
t[28][21]=15.297058540778355
t[28][22]=7.0710678118654755
t[28][23]=13.152946437965905
t[28][24]=5.0
t[28][25]=6.324555320336759
t[28][26]=18.601075237738275
t[28][27]=10.44030650891055
t[28][29]=18.027756377319946
t[28][30]=15.652475842498529
t[28][31]=14.422205101855956
t[28][32]=10.770329614269007
t[28][33]=5.0
t[28][34]=14.142135623730951
t[28][35]=14.142135623730951
t[28][36]=10.295630140987
t[28][37]=15.811388300841896
t[28][38]=17.0
t[28][39]=9.055385138137417
t[28][40]=10.44030650891055
t[28][41]=3.1622776601683795
t[28][42]=13.341664064126334
t[29][0]=6.324555320336759
t[29][1]=3.1622776601683795
t[29][2]=2.0
t[29][3]=6.4031242374328485
t[29][4]=7.0710678118654755
t[29][5]=5.830951894845301
t[29][6]=3.0
t[29][7]=5.0
t[29][8]=4.0
t[29][9]=6.082762530298219
t[29][10]=6.0
t[29][11]=10.198039027185569
t[29][12]=11.704699910719626
t[29][13]=21.95449840010015
t[29][14]=12.206555615733702
t[29][15]=22.47220505424423
t[29][16]=21.37755832643195
t[29][17]=26.92582403567252
t[29][18]=18.867962264113206
t[29][19]=12.041594578792296
t[29][20]=16.401219466856727
t[29][21]=7.0
t[29][22]=23.345235059857504
t[29][23]=17.26267650163207
t[29][24]=17.029386365926403
t[29][25]=22.47220505424423
t[29][26]=6.4031242374328485
t[29][27]=28.178005607210743
t[29][28]=18.027756377319946
t[29][30]=3.1622776601683795
t[29][31]=32.449961479175904
t[29][32]=22.825424421026653
t[29][33]=14.142135623730951
t[29][34]=17.46424919657298
t[29][35]=12.041594578792296
t[29][36]=7.810249675906654
t[29][37]=11.180339887498949
t[29][38]=2.0
t[29][39]=10.816653826391969
t[29][40]=18.0
t[29][41]=15.0
t[29][42]=7.280109889280518
t[30][0]=9.486832980505138
t[30][1]=4.47213595499958
t[30][2]=1.4142135623730951
t[30][3]=4.123105625617661
t[30][4]=6.324555320336759
t[30][5]=7.211102550927978
t[30][6]=6.082762530298219
t[30][7]=7.280109889280518
t[30][8]=4.242640687119285
t[30][9]=5.385164807134504
t[30][10]=3.1622776601683795
t[30][11]=7.0710678118654755
t[30][12]=12.206555615733702
t[30][13]=18.867962264113206
t[30][14]=9.848857801796104
t[30][15]=19.4164878389476
t[30][16]=20.024984394500787
t[30][17]=25.0
t[30][18]=16.55294535724685
t[30][19]=9.219544457292887
t[30][20]=13.892443989449804
t[30][21]=4.123105625617661
t[30][22]=20.518284528683193
t[30][23]=17.08800749063506
t[30][24]=14.142135623730951
t[30][25]=20.615528128088304
t[30][26]=8.54400374531753
t[30][27]=26.0
t[30][28]=15.652475842498529
t[30][29]=3.1622776601683795
t[30][31]=30.01666203960727
t[30][32]=19.72308292331602
t[30][33]=11.40175425099138
t[30][34]=17.46424919657298
t[30][35]=9.0
t[30][36]=5.385164807134504
t[30][37]=12.041594578792296
t[30][38]=1.4142135623730951
t[30][39]=7.810249675906654
t[30][40]=17.26267650163207
t[30][41]=12.529964086141668
t[30][42]=4.123105625617661
t[31][0]=37.64306044943742
t[31][1]=30.610455730027933
t[31][2]=31.38470965295043
t[31][3]=26.076809620810597
t[31][4]=26.248809496813376
t[31][5]=30.4138126514911
t[31][6]=34.20526275297414
t[31][7]=32.55764119219941
t[31][8]=29.206163733020468
t[31][9]=27.018512172212592
t[31][10]=29.546573405388315
t[31][11]=26.248809496813376
t[31][12]=27.202941017470888
t[31][13]=16.0312195418814
t[31][14]=20.248456731316587
t[31][15]=15.033296378372908
t[31][16]=15.231546211727817
t[31][17]=8.246211251235321
t[31][18]=13.601470508735444
t[31][19]=21.02379604162864
t[31][20]=16.1245154965971
t[31][21]=29.154759474226502
t[31][22]=11.045361017187261
t[31][23]=23.259406699226016
t[31][24]=16.76305461424021
t[31][25]=11.661903789690601
t[31][26]=32.526911934581186
t[31][27]=5.385164807134504
t[31][28]=14.422205101855956
t[31][29]=32.449961479175904
t[31][30]=30.01666203960727
t[31][32]=16.1245154965971
t[31][33]=18.788294228055936
t[31][34]=24.166091947189145
t[31][35]=26.68332812825267
t[31][36]=24.698178070456937
t[31][37]=28.600699292150182
t[31][38]=31.38470965295043
t[31][39]=22.847319317591726
t[31][40]=20.12461179749811
t[31][41]=17.4928556845359
t[31][42]=27.313000567495326
t[32][0]=29.068883707497267
t[32][1]=22.47220505424423
t[32][2]=21.095023109728988
t[32][3]=17.08800749063506
t[32][4]=19.4164878389476
t[32][5]=23.769728648009426
t[32][6]=25.495097567963924
t[32][7]=25.298221281347036
t[32][8]=21.18962010041709
t[32][9]=19.6468827043885
t[32][10]=17.804493814764857
t[32][11]=13.45362404707371
t[32][12]=24.0
t[32][13]=1.0
t[32][14]=13.038404810405298
t[32][15]=1.4142135623730951
t[32][16]=18.867962264113206
t[32][17]=17.204650534085253
t[32][18]=11.180339887498949
t[32][19]=11.40175425099138
t[32][20]=10.198039027185569
t[32][21]=17.029386365926403
t[32][22]=5.830951894845301
t[32][23]=23.769728648009426
t[32][24]=7.0
t[32][25]=15.620499351813308
t[32][26]=25.96150997149434
t[32][27]=15.652475842498529
t[32][28]=10.770329614269007
t[32][29]=22.825424421026653
t[32][30]=19.72308292331602
t[32][31]=16.1245154965971
t[32][33]=10.04987562112089
t[32][34]=24.73863375370596
t[32][35]=12.806248474865697
t[32][36]=15.811388300841896
t[32][37]=25.019992006393608
t[32][38]=21.095023109728988
t[32][39]=12.083045973594572
t[32][40]=21.18962010041709
t[32][41]=11.045361017187261
t[32][42]=15.811388300841896
t[33][0]=20.0
t[33][1]=13.038404810405298
t[33][2]=12.806248474865697
t[33][3]=7.810249675906654
t[33][4]=9.486832980505138
t[33][5]=13.92838827718412
t[33][6]=16.401219466856727
t[33][7]=15.652475842498529
t[33][8]=11.661903789690601
t[33][9]=9.848857801796104
t[33][10]=10.770329614269007
t[33][11]=8.0
t[33][12]=14.035668847618199
t[33][13]=9.055385138137417
t[33][14]=3.0
t[33][15]=9.219544457292887
t[33][16]=12.529964086141668
t[33][17]=15.0
t[33][18]=6.0
t[33][19]=2.23606797749979
t[33][20]=3.0
t[33][21]=10.44030650891055
t[33][22]=9.219544457292887
t[33][23]=14.7648230602334
t[33][24]=3.1622776601683795
t[33][25]=11.180339887498949
t[33][26]=16.15549442140351
t[33][27]=15.297058540778355
t[33][28]=5.0
t[33][29]=14.142135623730951
t[33][30]=11.40175425099138
t[33][31]=18.788294228055936
t[33][32]=10.04987562112089
t[33][34]=15.652475842498529
t[33][35]=9.219544457292887
t[33][36]=6.4031242374328485
t[33][37]=15.0
t[33][38]=12.806248474865697
t[33][39]=4.123105625617661
t[33][40]=12.806248474865697
t[33][41]=2.23606797749979
t[33][42]=8.54400374531753
t[34][0]=19.1049731745428
t[34][1]=14.317821063276353
t[34][2]=18.027756377319946
t[34][3]=14.422205101855956
t[34][4]=11.180339887498949
t[34][5]=12.041594578792296
t[34][6]=17.029386365926403
t[34][7]=14.0
t[34][8]=13.601470508735444
t[34][9]=12.083045973594572
t[34][10]=19.72308292331602
t[34][11]=20.518284528683193
t[34][12]=6.0
t[34][13]=23.769728648009426
t[34][14]=13.038404810405298
t[34][15]=23.53720459187964
t[34][16]=8.94427190999916
t[34][17]=16.1245154965971
t[34][18]=14.035668847618199
t[34][19]=15.811388300841896
t[34][20]=14.560219778561036
t[34][21]=20.248456731316587
t[34][22]=21.02379604162864
t[34][23]=1.0
t[34][24]=18.027756377319946
t[34][25]=12.649110640673518
t[34][26]=13.038404810405298
t[34][27]=18.788294228055936
t[34][28]=14.142135623730951
t[34][29]=17.46424919657298
t[34][30]=17.46424919657298
t[34][31]=24.166091947189145
t[34][32]=24.73863375370596
t[34][33]=15.652475842498529
t[34][35]=22.627416997969522
t[34][36]=14.212670403551895
t[34][37]=7.0710678118654755
t[34][38]=18.027756377319946
t[34][39]=17.029386365926403
t[34][40]=4.123105625617661
t[34][41]=13.92838827718412
t[34][42]=18.601075237738275
t[35][0]=18.24828759089466
t[35][1]=13.152946437965905
t[35][2]=10.04987562112089
t[35][3]=8.94427190999916
t[35][4]=12.529964086141668
t[35][5]=15.524174696260024
t[35][6]=15.033296378372908
t[35][7]=16.1245154965971
t[35][8]=12.36931687685298
t[35][9]=12.083045973594572
t[35][10]=6.082762530298219
t[35][11]=2.23606797749979
t[35][12]=18.867962264113206
t[35][13]=12.206555615733702
t[35][14]=10.295630140987
t[35][15]=13.038404810405298
t[35][16]=21.540659228538015
t[35][17]=24.08318915758459
t[35][18]=15.132745950421556
t[35][19]=7.615773105863909
t[35][20]=12.165525060596439
t[35][21]=5.0990195135927845
t[35][22]=15.811388300841896
t[35][23]=21.93171219946131
t[35][24]=10.04987562112089
t[35][25]=20.396078054371138
t[35][26]=17.26267650163207
t[35][27]=24.020824298928627
t[35][28]=14.142135623730951
t[35][29]=12.041594578792296
t[35][30]=9.0
t[35][31]=26.68332812825267
t[35][32]=12.806248474865697
t[35][33]=9.219544457292887
t[35][34]=22.627416997969522
t[35][36]=8.602325267042627
t[35][37]=19.235384061671343
