Model loaded successfully from 'datasets/dummy7.txt'
Set parameter Username
Academic license - for non-commercial use only - expires 2023-07-15
t[0][1]=149.6562728387955
t[0][2]=91.92388155425118
t[0][3]=148.70776711389354
t[0][4]=79.22752047110903
t[0][5]=196.30588376307014
t[0][6]=179.27911200137063
t[0][7]=152.41062955056645
t[0][8]=50.96076922496363
t[0][9]=148.94629904767692
t[0][10]=166.48123017325406
t[0][11]=190.85072700935672
t[0][12]=48.703182647543684
t[0][13]=89.28605714219886
t[0][14]=224.39696967650877
t[0][15]=58.008620049092706
t[0][16]=114.49017425089369
t[0][17]=159.38004893963358
t[0][18]=165.7015389186232
t[0][19]=152.11837495845134
t[0][20]=180.00555546982432
t[1][0]=149.6562728387955
t[1][2]=120.95040305844375
t[1][3]=174.9771413642365
t[1][4]=157.07959765672945
t[1][5]=215.77998053572995
t[1][6]=215.74522010927612
t[1][7]=182.70194306574848
t[1][8]=100.0
t[1][9]=10.198039027185569
t[1][10]=91.98369420718001
t[1][11]=139.48835076808385
t[1][12]=136.79546776117988
t[1][13]=144.25324953012324
t[1][14]=172.40939649566667
t[1][15]=154.40207252495026
t[1][16]=145.45446022724775
t[1][17]=168.44286865284622
t[1][18]=123.4908903522847
t[1][19]=51.19570294468082
t[1][20]=210.05951537600004
t[2][0]=91.92388155425118
t[2][1]=120.95040305844375
t[2][3]=67.468511173732
t[2][4]=41.0
t[2][5]=116.2497311824849
t[2][6]=106.6255128944288
t[2][7]=73.76313442364011
t[2][8]=65.03076195155643
t[2][9]=114.12712210513327
t[2][10]=86.68333173107735
t[2][11]=100.40916292848975
t[2][12]=45.27692569068709
t[2][13]=24.041630560342615
t[2][14]=132.80060240827223
t[2][15]=50.566787519082126
t[2][16]=30.364452901377952
t[2][17]=72.11102550927978
t[2][18]=75.82216034906945
t[2][19]=92.22797840135064
t[2][20]=103.84603988597736
t[3][0]=148.70776711389354
t[3][1]=174.9771413642365
t[3][2]=67.468511173732
t[3][4]=71.30918594402827
t[3][5]=49.09175083453431
t[3][6]=41.048751503547585
t[3][7]=7.810249675906654
t[3][8]=131.97348218486925
t[3][9]=166.24379687675568
t[3][10]=105.30906893520614
t[3][11]=85.14693182963201
t[3][12]=100.44899203078147
t[3][13]=59.682493245507096
t[3][14]=102.15674231297707
t[3][15]=92.69843580125827
t[3][16]=37.33630940518894
t[3][17]=18.973665961010276
t[3][18]=72.78049189171504
t[3][19]=132.61221663180206
t[3][20]=36.76955262170047
t[4][0]=79.22752047110903
t[4][1]=157.07959765672945
t[4][2]=41.0
t[4][3]=71.30918594402827
t[4][5]=117.47765745025733
t[4][6]=100.07996802557443
t[4][7]=74.04052944165107
t[4][8]=77.93587107359485
t[4][9]=151.34728276384746
t[4][10]=126.49505919204908
t[4][11]=132.60844618650805
t[4][12]=34.48187929913333
t[4][13]=19.313207915827967
t[4][14]=160.86329600005092
t[4][15]=21.587033144922902
t[4][16]=43.18564576337837
t[4][17]=84.90583018850944
t[4][18]=110.01818031580054
t[4][19]=132.84953895290718
t[4][20]=100.84145972763385
t[5][0]=196.30588376307014
t[5][1]=215.77998053572995
t[5][2]=116.2497311824849
t[5][3]=49.09175083453431
t[5][4]=117.47765745025733
t[5][6]=25.0
t[5][7]=44.10215414239989
t[5][8]=181.0
t[5][9]=206.37102509800158
t[5][10]=134.5362404707371
t[5][11]=98.38699100999075
t[5][12]=148.66068747318505
t[5][13]=108.16653826391968
t[5][14]=97.41663102366043
t[5][15]=139.05754204644924
t[5][16]=86.37129152675674
t[5][17]=47.853944456021594
t[5][18]=98.49365461794989
t[5][19]=169.00887550658396
t[5][20]=18.601075237738275
t[6][0]=179.27911200137063
t[6][1]=215.74522010927612
t[6][2]=106.6255128944288
t[6][3]=41.048751503547585
t[6][4]=100.07996802557443
t[6][5]=25.0
t[6][7]=33.61547262794322
t[6][8]=169.5464538113375
t[6][9]=206.86710710018642
t[6][10]=141.50971698084905
t[6][11]=111.8257573191436
t[6][12]=133.13526955694348
t[6][13]=94.04786015641186
t[6][14]=117.15374513859982
t[6][15]=121.33424908079334
t[6][16]=76.32168761236873
t[6][17]=49.64876634922564
t[6][18]=106.47065323364932
t[6][19]=172.07265907168403
t[6][20]=9.0
t[7][0]=152.41062955056645
t[7][1]=182.70194306574848
t[7][2]=73.76313442364011
t[7][3]=7.810249675906654
t[7][4]=74.04052944165107
t[7][5]=44.10215414239989
t[7][6]=33.61547262794322
t[7][8]=137.7679207943562
t[7][9]=174.0
t[7][10]=112.80514172678478
t[7][11]=91.0
t[7][12]=104.58011283222064
t[7][13]=64.07027391856539
t[7][14]=105.94810050208545
t[7][15]=95.60334722173695
t[7][16]=43.41658669218482
t[7][17]=24.020824298928627
t[7][18]=79.81227975693966
t[7][19]=140.41723540933285
t[7][20]=30.083217912982647
t[8][0]=50.96076922496363
t[8][1]=100.0
t[8][2]=65.03076195155643
t[8][3]=131.97348218486925
t[8][4]=77.93587107359485
t[8][5]=181.0
t[8][6]=169.5464538113375
t[8][7]=137.7679207943562
t[8][9]=98.50888284819801
t[8][10]=121.0826164236634
t[8][11]=152.50245899656832
t[8][12]=45.967379738244816
t[8][13]=76.21679604916491
t[8][14]=187.94946129212502
t[8][15]=65.11528238439882
t[8][16]=94.64142856064674
t[8][17]=137.01459776242822
t[8][18]=127.47548783981962
t[8][19]=102.08329931972223
t[8][20]=167.70509831248424
t[9][0]=148.94629904767692
t[9][1]=10.198039027185569
t[9][2]=114.12712210513327
t[9][3]=166.24379687675568
t[9][4]=151.34728276384746
t[9][5]=206.37102509800158
t[9][6]=206.86710710018642
t[9][7]=174.0
t[9][8]=98.50888284819801
t[9][10]=81.78630692236935
t[9][11]=129.29423807734048
t[9][12]=132.83448347473634
t[9][13]=137.7425134081704
t[9][14]=162.2374802565671
t[9][15]=149.90663761154806
t[9][16]=137.6117727521886
t[9][17]=159.20113064925135
t[9][18]=113.46365056704283
t[9][19]=41.0
t[9][20]=201.0198995124612
t[10][0]=166.48123017325406
t[10][1]=91.98369420718001
t[10][2]=86.68333173107735
t[10][3]=105.30906893520614
t[10][4]=126.49505919204908
t[10][5]=134.5362404707371
t[10][6]=141.50971698084905
t[10][7]=112.80514172678478
t[10][8]=121.0826164236634
t[10][9]=81.78630692236935
t[10][11]=47.53945729601885
t[10][12]=127.90621564255585
t[10][13]=107.5174404457249
t[10][14]=81.05553651663777
t[10][15]=136.95619737711763
t[10][16]=92.0869154657707
t[10][17]=91.92388155425118
t[10][18]=36.069377593742864
t[10][19]=40.792156108742276
t[10][20]=133.96268137059664
t[11][0]=190.85072700935672
t[11][1]=139.48835076808385
t[11][2]=100.40916292848975
t[11][3]=85.14693182963201
t[11][4]=132.60844618650805
t[11][5]=98.38699100999075
t[11][6]=111.8257573191436
t[11][7]=91.0
t[11][8]=152.50245899656832
t[11][9]=129.29423807734048
t[11][10]=47.53945729601885
t[11][12]=145.67086187704115
t[11][13]=113.718951806636
t[11][14]=36.138621999185304
t[11][15]=148.8388390172404
t[11][16]=90.35485598461214
t[11][17]=67.00746227100382
t[11][18]=25.238858928247925
t[11][19]=88.29496021857646
t[11][20]=103.16006979447037
t[12][0]=48.703182647543684
t[12][1]=136.79546776117988
t[12][2]=45.27692569068709
t[12][3]=100.44899203078147
t[12][4]=34.48187929913333
t[12][5]=148.66068747318505
t[12][6]=133.13526955694348
t[12][7]=104.58011283222064
t[12][8]=45.967379738244816
t[12][9]=132.83448347473634
t[12][10]=127.90621564255585
t[12][11]=145.67086187704115
t[12][13]=40.792156108742276
t[12][14]=177.88198334851114
t[12][15]=19.209372712298546
t[12][16]=65.7875368135941
t[12][17]=110.67971810589327
t[12][18]=120.96693763173474
t[12][19]=123.32072007574396
t[12][20]=133.0338302838793
t[13][0]=89.28605714219886
t[13][1]=144.25324953012324
t[13][2]=24.041630560342615
t[13][3]=59.682493245507096
t[13][4]=19.313207915827967
t[13][5]=108.16653826391968
t[13][6]=94.04786015641186
t[13][7]=64.07027391856539
t[13][8]=76.21679604916491
t[13][9]=137.7425134081704
t[13][10]=107.5174404457249
t[13][11]=113.718951806636
t[13][12]=40.792156108742276
t[13][14]=142.86357128393507
t[13][15]=36.235341863986875
t[13][16]=26.076809620810597
t[13][17]=70.3846574190711
t[13][18]=90.82400563727631
t[13][19]=116.10340218959993
t[13][20]=93.13431161500041
t[14][0]=224.39696967650877
t[14][1]=172.40939649566667
t[14][2]=132.80060240827223
t[14][3]=102.15674231297707
t[14][4]=160.86329600005092
t[14][5]=97.41663102366043
t[14][6]=117.15374513859982
t[14][7]=105.94810050208545
t[14][8]=187.94946129212502
t[14][9]=162.2374802565671
t[14][10]=81.05553651663777
t[14][11]=36.138621999185304
t[14][12]=177.88198334851114
t[14][13]=142.86357128393507
t[14][15]=178.89941307897016
t[14][16]=117.6860229593982
t[14][17]=83.2586331859946
t[14][18]=60.53924347066124
t[14][19]=121.49897118905987
t[14][20]=108.16653826391968
t[15][0]=58.008620049092706
t[15][1]=154.40207252495026
t[15][2]=50.566787519082126
t[15][3]=92.69843580125827
t[15][4]=21.587033144922902
t[15][5]=139.05754204644924
t[15][6]=121.33424908079334
t[15][7]=95.60334722173695
t[15][8]=65.11528238439882
t[15][9]=149.90663761154806
t[15][10]=136.95619737711763
t[15][11]=148.8388390172404
t[15][12]=19.209372712298546
t[15][13]=36.235341863986875
t[15][14]=178.89941307897016
t[15][16]=62.20128616033595
t[15][17]=105.58882516630251
t[15][18]=125.09996003196804
t[15][19]=137.13132391981054
t[15][20]=122.3315167894194
t[16][0]=114.49017425089369
t[16][1]=145.45446022724775
t[16][2]=30.364452901377952
t[16][3]=37.33630940518894
t[16][4]=43.18564576337837
t[16][5]=86.37129152675674
t[16][6]=76.32168761236873
t[16][7]=43.41658669218482
t[16][8]=94.64142856064674
t[16][9]=137.6117727521886
t[16][10]=92.0869154657707
t[16][11]=90.35485598461214
t[16][12]=65.7875368135941
t[16][13]=26.076809620810597
t[16][14]=117.6860229593982
t[16][15]=62.20128616033595
t[16][17]=44.9221548904324
t[16][18]=69.26037828369117
t[16][19]=109.2520022699813
t[16][20]=73.49829930005184
t[17][0]=159.38004893963358
t[17][1]=168.44286865284622
t[17][2]=72.11102550927978
t[17][3]=18.973665961010276
t[17][4]=84.90583018850944
t[17][5]=47.853944456021594
t[17][6]=49.64876634922564
t[17][7]=24.020824298928627
t[17][8]=137.01459776242822
t[17][9]=159.20113064925135
t[17][10]=91.92388155425118
t[17][11]=67.00746227100382
t[17][12]=110.67971810589327
t[17][13]=70.3846574190711
t[17][14]=83.2586331859946
t[17][15]=105.58882516630251
t[17][16]=44.9221548904324
t[17][18]=57.38466694161429
t[17][19]=123.03657992645927
t[17][20]=42.5205832509386
t[18][0]=165.7015389186232
t[18][1]=123.4908903522847
t[18][2]=75.82216034906945
t[18][3]=72.78049189171504
t[18][4]=110.01818031580054
t[18][5]=98.49365461794989
t[18][6]=106.47065323364932
t[18][7]=79.81227975693966
t[18][8]=127.47548783981962
t[18][9]=113.46365056704283
t[18][10]=36.069377593742864
t[18][11]=25.238858928247925
t[18][12]=120.96693763173474
t[18][13]=90.82400563727631
t[18][14]=60.53924347066124
t[18][15]=125.09996003196804
t[18][16]=69.26037828369117
t[18][17]=57.38466694161429
t[18][19]=73.35529974037323
t[18][20]=98.6154146165801
t[19][0]=152.11837495845134
t[19][1]=51.19570294468082
t[19][2]=92.22797840135064
t[19][3]=132.61221663180206
t[19][4]=132.84953895290718
t[19][5]=169.00887550658396
t[19][6]=172.07265907168403
t[19][7]=140.41723540933285
t[19][8]=102.08329931972223
t[19][9]=41.0
t[19][10]=40.792156108742276
t[19][11]=88.29496021857646
t[19][12]=123.32072007574396
t[19][13]=116.10340218959993
t[19][14]=121.49897118905987
t[19][15]=137.13132391981054
t[19][16]=109.2520022699813
t[19][17]=123.03657992645927
t[19][18]=73.35529974037323
t[19][20]=165.48715962273326
t[20][0]=180.00555546982432
t[20][1]=210.05951537600004
t[20][2]=103.84603988597736
t[20][3]=36.76955262170047
t[20][4]=100.84145972763385
t[20][5]=18.601075237738275
t[20][6]=9.0
t[20][7]=30.083217912982647
t[20][8]=167.70509831248424
t[20][9]=201.0198995124612
t[20][10]=133.96268137059664
t[20][11]=103.16006979447037
t[20][12]=133.0338302838793
t[20][13]=93.13431161500041
t[20][14]=108.16653826391968
t[20][15]=122.3315167894194
t[20][16]=73.49829930005184
t[20][17]=42.5205832509386
t[20][18]=98.6154146165801
t[20][19]=165.48715962273326
Set parameter TimeLimit to value 100
Gurobi Optimizer version 9.5.2 build v9.5.2rc0 (linux64)
Thread count: 8 physical cores, 16 logical processors, using up to 16 threads
Optimize a model with 4375 rows, 2525 columns and 22640 nonzeros
Model fingerprint: 0x436ce216
Model has 100 general constraints
Variable types: 325 continuous, 2200 integer (2200 binary)
Coefficient statistics:
  Matrix range     [1e+00, 1e+04]
  Objective range  [1e+00, 2e+02]
  Bounds range     [1e+00, 1e+00]
  RHS range        [1e+00, 1e+04]
Presolve added 180 rows and 280 columns
Presolve time: 0.08s
Presolved: 4555 rows, 2805 columns, 17500 nonzeros
Presolved model has 200 SOS constraint(s)
Variable types: 405 continuous, 2400 integer (2400 binary)

Root relaxation: objective 5.428946e+02, 573 iterations, 0.01 seconds (0.01 work units)

    Nodes    |    Current Node    |     Objective Bounds      |     Work
 Expl Unexpl |  Obj  Depth IntInf | Incumbent    BestBd   Gap | It/Node Time

     0     0  542.89465    0   89          -  542.89465      -     -    0s
     0     0  542.89465    0  164          -  542.89465      -     -    0s
H    0     0                    5097.5933395  542.94133  89.3%     -    0s
     0     0  542.94133    0  180 5097.59334  542.94133  89.3%     -    0s
     0     0  598.86416    0   94 5097.59334  598.86416  88.3%     -    0s
     0     0  598.86416    0  152 5097.59334  598.86416  88.3%     -    0s
H    0     0                    4705.9661785  598.86416  87.3%     -    0s
     0     0  621.34508    0  249 4705.96618  621.34508  86.8%     -    0s
     0     0  625.89486    0  232 4705.96618  625.89486  86.7%     -    0s
     0     0  629.31069    0  169 4705.96618  629.31069  86.6%     -    0s
     0     0  631.38802    0  158 4705.96618  631.38802  86.6%     -    0s
H    0     0                    4474.1032684  631.38802  85.9%     -    0s
     0     0  631.38802    0  155 4474.10327  631.38802  85.9%     -    1s
H    0     0                    4180.6647397  631.38802  84.9%     -    1s
     0     0  658.43570    0  221 4180.66474  658.43570  84.3%     -    1s
H    0     0                    4125.6660028  661.75946  84.0%     -    1s
     0     0  661.75946    0  181 4125.66600  661.75946  84.0%     -    1s
     0     0  670.45475    0  205 4125.66600  670.45475  83.7%     -    1s
     0     0  670.63153    0  234 4125.66600  670.63153  83.7%     -    1s
     0     0  670.64048    0  238 4125.66600  670.64048  83.7%     -    1s
H    0     0                    3904.7212735  719.13740  81.6%     -    1s
     0     0  719.13740    0  200 3904.72127  719.13740  81.6%     -    1s
H    0     0                    3654.6783589  738.82774  79.8%     -    1s
     0     0  738.82774    0  231 3654.67836  738.82774  79.8%     -    1s
     0     0  740.88515    0  226 3654.67836  740.88515  79.7%     -    1s
     0     0  740.94670    0  222 3654.67836  740.94670  79.7%     -    1s
     0     0  743.19310    0  238 3654.67836  743.19310  79.7%     -    1s
     0     0  743.19310    0  239 3654.67836  743.19310  79.7%     -    1s
H    0     0                    3364.5742350  743.19310  77.9%     -    1s
     0     0  814.88244    0  188 3364.57424  814.88244  75.8%     -    1s
     0     0  821.73021    0  264 3364.57424  821.73021  75.6%     -    1s
     0     0  822.45325    0  242 3364.57424  822.45325  75.6%     -    1s
     0     0  822.88743    0  260 3364.57424  822.88743  75.5%     -    1s
     0     0  822.98105    0  265 3364.57424  822.98105  75.5%     -    1s
     0     0  838.83372    0  324 3364.57424  838.83372  75.1%     -    1s
     0     0  843.35563    0  251 3364.57424  843.35563  74.9%     -    1s
     0     0  843.35563    0  255 3364.57424  843.35563  74.9%     -    1s
     0     0  945.41676    0  354 3364.57424  945.41676  71.9%     -    2s
     0     0  973.52240    0  377 3364.57424  973.52240  71.1%     -    2s
     0     0  975.93964    0  297 3364.57424  975.93964  71.0%     -    2s
     0     0  975.97356    0  306 3364.57424  975.97356  71.0%     -    2s
H    0     0                    3331.6199364 1016.95292  69.5%     -    2s
     0     0 1016.95292    0  403 3331.61994 1016.95292  69.5%     -    2s
     0     0 1023.28835    0  369 3331.61994 1023.28835  69.3%     -    2s
     0     0 1024.88196    0  395 3331.61994 1024.88196  69.2%     -    2s
     0     0 1025.21118    0  347 3331.61994 1025.21118  69.2%     -    2s
     0     0 1025.22196    0  350 3331.61994 1025.22196  69.2%     -    2s
     0     0 1062.16974    0  350 3331.61994 1062.16974  68.1%     -    3s
     0     0 1065.92778    0  266 3331.61994 1065.92778  68.0%     -    3s
     0     0 1068.73274    0  305 3331.61994 1068.73274  67.9%     -    3s
     0     0 1068.75160    0  299 3331.61994 1068.75160  67.9%     -    3s
     0     0 1120.59939    0  363 3331.61994 1120.59939  66.4%     -    3s
     0     0 1129.46481    0  413 3331.61994 1129.46481  66.1%     -    3s
     0     0 1131.01655    0  371 3331.61994 1131.01655  66.1%     -    3s
     0     0 1131.11363    0  372 3331.61994 1131.11363  66.0%     -    3s
     0     0 1177.74824    0  380 3331.61994 1177.74824  64.6%     -    3s
     0     0 1180.75019    0  345 3331.61994 1180.75019  64.6%     -    4s
     0     0 1181.33417    0  427 3331.61994 1181.33417  64.5%     -    4s
     0     0 1181.44579    0  414 3331.61994 1181.44579  64.5%     -    4s
     0     0 1205.09900    0  355 3331.61994 1205.09900  63.8%     -    4s
H    0     0                    3266.6727073 1207.60512  63.0%     -    4s
     0     0 1207.60512    0  360 3266.67271 1207.60512  63.0%     -    4s
     0     0 1208.32146    0  370 3266.67271 1208.32146  63.0%     -    4s
     0     0 1208.32706    0  362 3266.67271 1208.32706  63.0%     -    4s
H    0     0                    3238.1498192 1244.03584  61.6%     -    4s
     0     0 1244.03584    0  365 3238.14982 1244.03584  61.6%     -    4s
     0     0 1247.89149    0  398 3238.14982 1247.89149  61.5%     -    4s
     0     0 1247.99738    0  404 3238.14982 1247.99738  61.5%     -    4s
     0     0 1273.29999    0  356 3238.14982 1273.29999  60.7%     -    5s
     0     0 1276.88079    0  393 3238.14982 1276.88079  60.6%     -    5s
     0     0 1277.55751    0  391 3238.14982 1277.55751  60.5%     -    5s
     0     0 1277.96623    0  387 3238.14982 1277.96623  60.5%     -    5s
     0     0 1277.99124    0  384 3238.14982 1277.99124  60.5%     -    5s
     0     0 1319.58698    0  337 3238.14982 1319.58698  59.2%     -    5s
     0     0 1326.40390    0  388 3238.14982 1326.40390  59.0%     -    5s
     0     0 1327.23866    0  396 3238.14982 1327.23866  59.0%     -    5s
     0     0 1327.87295    0  362 3238.14982 1327.87295  59.0%     -    5s
     0     0 1328.05247    0  416 3238.14982 1328.05247  59.0%     -    5s
     0     0 1340.15073    0  276 3238.14982 1340.15073  58.6%     -    6s
     0     0 1349.35725    0  358 3238.14982 1349.35725  58.3%     -    6s
     0     0 1350.10544    0  296 3238.14982 1350.10544  58.3%     -    6s
     0     0 1350.24005    0  308 3238.14982 1350.24005  58.3%     -    6s
     0     0 1363.39681    0  343 3238.14982 1363.39681  57.9%     -    6s
     0     0 1364.45293    0  310 3238.14982 1364.45293  57.9%     -    6s
     0     0 1364.77605    0  278 3238.14982 1364.77605  57.9%     -    6s
     0     0 1382.02729    0  259 3238.14982 1382.02729  57.3%     -    6s
     0     0 1382.06815    0  295 3238.14982 1382.06815  57.3%     -    6s
     0     0 1394.01297    0  283 3238.14982 1394.01297  57.0%     -    7s
     0     0 1396.79910    0  283 3238.14982 1396.79910  56.9%     -    7s
     0     0 1397.07738    0  272 3238.14982 1397.07738  56.9%     -    7s
     0     0 1408.87756    0  278 3238.14982 1408.87756  56.5%     -    7s
     0     0 1411.23391    0  249 3238.14982 1411.23391  56.4%     -    7s
     0     0 1411.51360    0  354 3238.14982 1411.51360  56.4%     -    7s
     0     0 1419.27609    0  266 3238.14982 1419.27609  56.2%     -    7s
     0     0 1421.58059    0  328 3238.14982 1421.58059  56.1%     -    7s
     0     0 1422.03722    0  357 3238.14982 1422.03722  56.1%     -    7s
     0     0 1430.34332    0  309 3238.14982 1430.34332  55.8%     -    7s
     0     0 1431.22153    0  277 3238.14982 1431.22153  55.8%     -    7s
     0     0 1431.48280    0  327 3238.14982 1431.48280  55.8%     -    7s
     0     0 1438.09418    0  228 3238.14982 1438.09418  55.6%     -    8s
     0     0 1438.30613    0  269 3238.14982 1438.30613  55.6%     -    8s
     0     0 1442.86535    0  290 3238.14982 1442.86535  55.4%     -    8s
     0     0 1442.86535    0  219 3238.14982 1442.86535  55.4%     -    8s
     0     2 1442.93795    0  218 3238.14982 1442.93795  55.4%     -    8s
    73    84 1627.46424    8  199 3238.14982 1491.97751  53.9%   189   10s
  1529  1266 2386.50455   43  178 3238.14982 1495.20300  53.8%  57.7   17s
  1545  1277 2035.76672   28  269 3238.14982 1592.87784  50.8%  57.1   20s
  1565  1290 2021.59994    8  223 3238.14982 1748.52762  46.0%  56.3   25s
  1585  1303 2197.45291   45  298 3238.14982 1778.12558  45.1%  55.6   30s
  1605  1318 1909.89050   29  162 3238.14982 1786.63393  44.8%  68.0   35s
  1629  1334 2386.50455   43  301 3238.14982 1798.18872  44.5%  67.0   40s
  1651  1349 1929.69983   29  237 3238.14982 1824.70629  43.6%  66.1   45s
  1670  1371 1903.15596   29  235 3238.14982 1865.38037  42.4%  28.7   50s
  1775  1444 2142.69549   35  205 3238.14982 1903.29063  41.2%  56.8   55s
  2469  1893 2787.89011  100  106 3238.14982 1903.29063  41.2%  80.8   60s
  3523  2427 2638.72779   88   84 3238.14982 1928.85262  40.4%  81.4   65s
  5183  3402 2971.44027   85   96 3238.14982 1945.37897  39.9%  76.2   70s
  7304  4791 2267.68781   62  100 3238.14982 1952.72490  39.7%  72.4   75s
  8776  5974 2259.10830   55  129 3238.14982 1962.41558  39.4%  73.4   80s
 10629  7521 2856.34518   71  124 3238.14982 1987.50058  38.6%  73.9   85s
 13225  9286 2319.17052   61  104 3238.14982 1993.77258  38.4%  71.8   91s
 14353 10628 2143.36715   60  159 3238.14982 1996.92028  38.3%  72.3   95s
 17077 12426 2120.56116   38  104 3238.14982 2003.80736  38.1%  71.5  100s

Cutting planes:
  Learned: 6
  Gomory: 6
  Cover: 1
  Implied bound: 69
  Projected implied bound: 2
  Clique: 5
  MIR: 91
  Flow cover: 378
  Inf proof: 6
  Zero half: 27
  Mod-K: 4
  RLT: 21
  Relax-and-lift: 1058

Explored 17359 nodes (1342220 simplex iterations) in 100.01 seconds (145.91 work units)
Thread count was 16 (of 16 available processors)

Solution count 10: 3238.15 3266.67 3331.62 ... 4705.97

Time limit reached
Best objective 3.238149819200e+03, best bound 2.003807357644e+03, gap 38.1188%
========= SOLUTION ==========
0 0 23.2
0 2 115.1
0 5 231.4
0 20 250.0
0 6 259.0
1 0 11.4
1 13 100.6
1 17 171.0
1 3 190.0
1 16 227.3
1 7 270.8
2 0 32.5
2 8 83.5
2 4 161.4
2 15 183.0
2 12 202.2
3 0 -0.0
3 1 149.7
3 9 159.9
3 19 200.9
4 0 2.5
4 10 169.0
4 18 205.1
4 11 230.3
4 14 266.4
==========================
========= SOLUTION (description) ==========
Bus 0
	t=23.2	PUB ->  (2) t=115.1
	t=115.1	(2) ->  (5) t=231.4
	t=231.4	(5) ->  (20) t=250.0
	t=250.0	(20) ->  (6) t=259.0
	t=259.0	(6) ->  PUB
Bus 1
	t=11.4	PUB ->  (13) t=100.6
	t=100.6	(13) ->  (17) t=171.0
	t=171.0	(17) ->  (3) t=190.0
	t=190.0	(3) ->  (16) t=227.3
	t=227.3	(16) ->  (7) t=270.8
	t=270.8	(7) ->  PUB
Bus 2
	t=32.5	PUB ->  (8) t=83.5
	t=83.5	(8) ->  (4) t=161.4
	t=161.4	(4) ->  (15) t=183.0
	t=183.0	(15) ->  (12) t=202.2
	t=202.2	(12) ->  PUB
Bus 3
	t=-0.0	PUB ->  (1) t=149.7
	t=149.7	(1) ->  (9) t=159.9
	t=159.9	(9) ->  (19) t=200.9
	t=200.9	(19) ->  PUB
Bus 4
	t=2.5	PUB ->  (10) t=169.0
	t=169.0	(10) ->  (18) t=205.1
	t=205.1	(18) ->  (11) t=230.3
	t=230.3	(11) ->  (14) t=266.4
	t=266.4	(14) ->  PUB
==========================================
========= SOLUTION COST ==========
3238.1498191984015
==========================================
