Model loaded successfully from 'datasets/dummy12.txt'
Set parameter Username
Academic license - for non-commercial use only - expires 2023-07-15
t[0][1]=1198.050499770356
t[0][2]=1927.8392049131069
t[0][3]=1782.235955197852
t[0][4]=1343.1459339922822
t[0][5]=2248.0669474017004
t[0][6]=2078.515335521968
t[0][7]=477.67980907716833
t[0][8]=2146.793189853182
t[0][9]=667.0067465925663
t[0][10]=1998.8449164454955
t[0][11]=1165.9845625050102
t[0][12]=1632.5103368738587
t[0][13]=1364.2774644477568
t[0][14]=1559.290223146416
t[0][15]=2147.1155069068827
t[0][16]=1060.3494706935069
t[0][17]=2200.8909559539748
t[0][18]=1009.7653192697796
t[0][19]=1992.4482427405737
t[0][20]=574.569403988761
t[0][21]=2241.56061707017
t[0][22]=919.5939321243915
t[0][23]=1505.691867547939
t[0][24]=1200.395351540483
t[0][25]=1995.4330357092917
t[0][26]=431.8761396511736
t[0][27]=1933.920629188282
t[0][28]=2272.261648666368
t[0][29]=932.2156402893056
t[0][30]=2048.601962314788
t[0][31]=1318.13883942474
t[0][32]=1988.9255893572288
t[0][33]=1338.0530632228306
t[0][34]=2326.700668328438
t[0][35]=1802.600898701651
t[0][36]=1553.6231846879732
t[0][37]=746.4181133922193
t[0][38]=1588.0963446844148
t[0][39]=1744.3878582471273
t[0][40]=725.7823365169478
t[0][41]=1262.071709531594
t[0][42]=2540.7971190159988
t[0][43]=1453.0880909291081
t[0][44]=1172.4478666448244
t[0][45]=1333.1354019753583
t[0][46]=2543.843548648383
t[0][47]=1696.633136538362
t[0][48]=587.4316981573262
t[0][49]=583.7208236820064
t[0][50]=1217.230462977328
t[0][51]=1896.0548515272442
t[0][52]=179.0111728356641
t[0][53]=1361.8252457639344
t[0][54]=1260.4840340123312
t[0][55]=1816.6452598127132
t[0][56]=508.0442894079216
t[0][57]=2177.948576068774
t[0][58]=1320.3170073887559
t[0][59]=1137.0562870852084
t[0][60]=1074.0619162785729
t[0][61]=1616.298239806008
t[0][62]=1803.415648152139
t[0][63]=1862.7670278378882
t[0][64]=2069.7915353967414
t[0][65]=1189.7062662691158
t[0][66]=1268.3978082604842
t[0][67]=2443.83019050015
t[0][68]=1784.4710700933203
t[0][69]=498.0813186619229
t[0][70]=1839.5067273592667
t[0][71]=2209.1613793473757
t[0][72]=739.4572333813497
t[0][73]=1414.8498153514386
t[0][74]=2155.6634709527366
t[0][75]=1867.8043259399524
t[0][76]=1744.3121853613245
t[0][77]=995.2009847262009
t[0][78]=2145.917053383005
t[0][79]=1179.639351666432
t[0][80]=1661.8931975310568
t[0][81]=761.4519026176243
t[0][82]=1964.1835453948797
t[0][83]=1094.06581154883
t[0][84]=1931.4380652767513
t[0][85]=1204.7510116202434
t[0][86]=1615.8471462363016
t[0][87]=1470.0489787758775
t[0][88]=1119.1429756737966
t[0][89]=674.0356073680381
t[0][90]=1579.2662853363267
t[0][91]=1210.4032385944777
t[0][92]=1199.1484478578955
t[0][93]=1993.6885413724983
t[0][94]=2403.5527870217456
t[0][95]=556.8383966645978
t[0][96]=1723.3142487660223
t[0][97]=2108.395598553554
t[0][98]=1809.6215073876635
t[0][99]=1984.0388101042781
t[0][100]=1686.9931831516096
t[1][0]=1198.050499770356
t[1][2]=987.3849300045043
t[1][3]=1423.1233256467972
t[1][4]=347.6147292621531
t[1][5]=1050.947191822691
t[1][6]=1195.0401666889695
t[1][7]=726.5211628025711
t[1][8]=1180.282169652664
t[1][9]=704.9631196027208
t[1][10]=914.432064179729
t[1][11]=878.0461263510022
t[1][12]=1108.054601542722
t[1][13]=516.3119212259194
t[1][14]=1001.6191891133077
t[1][15]=1013.0004935832953
t[1][16]=239.47024867402632
t[1][17]=1270.0062991969764
t[1][18]=216.8432613663611
t[1][19]=870.8989608444828
t[1][20]=658.7753790177651
t[1][21]=1200.886755693475
t[1][22]=303.1468291109112
t[1][23]=771.6560114455145
t[1][24]=646.578688173373
t[1][25]=893.0274351888636
t[1][26]=835.9677027254103
t[1][27]=1223.206442102068
t[1][28]=1262.0808215007469
t[1][29]=345.0811498763733
t[1][30]=895.6589752802123
t[1][31]=237.11811402758752
t[1][32]=1325.0094339286795
t[1][33]=166.0752841334315
t[1][34]=1133.3935768302201
t[1][35]=628.6215077453205
t[1][36]=707.8205987395394
t[1][37]=451.8904734556815
t[1][38]=900.3804751325964
t[1][39]=677.7197060732409
t[1][40]=623.1733306231903
t[1][41]=612.3561055464378
t[1][42]=1377.8044128249844
t[1][43]=477.4620403759863
t[1][44]=281.19210515233175
t[1][45]=838.2869437131894
t[1][46]=1349.6092026953581
t[1][47]=636.0416653018889
t[1][48]=612.0629052638299
t[1][49]=720.3367268160079
t[1][50]=636.4628818713626
t[1][51]=793.5924646819676
t[1][52]=1064.3918451397492
t[1][53]=1079.200166790202
t[1][54]=71.449282711585
t[1][55]=1046.5873112167947
t[1][56]=778.6359868385226
t[1][57]=1019.6592568108231
t[1][58]=677.7624952739714
t[1][59]=1010.2138387490047
t[1][60]=168.2973558912914
t[1][61]=581.2099448564176
t[1][62]=620.3490952681401
t[1][63]=699.4969621092004
t[1][64]=1184.990295318911
t[1][65]=595.0260498499205
t[1][66]=71.11961754677819
t[1][67]=1304.9524895566121
t[1][68]=1416.775211527926
t[1][69]=845.6003784294328
t[1][70]=793.3977564878792
t[1][71]=1091.287771396711
t[1][72]=459.04466013667997
t[1][73]=995.2813672524971
t[1][74]=992.0181449953423
t[1][75]=1328.4344168983278
t[1][76]=788.9359923339789
t[1][77]=362.5051723768917
t[1][78]=957.1650850297456
t[1][79]=516.9758214849123
t[1][80]=1071.1461151495625
t[1][81]=693.9697399743018
t[1][82]=972.3384184531639
t[1][83]=523.8940732629069
t[1][84]=933.4495165781597
t[1][85]=140.42791745233566
t[1][86]=576.3653355294713
t[1][87]=1218.9376522201617
t[1][88]=699.8114031651671
t[1][89]=876.0074200598988
t[1][90]=1277.2067178025648
t[1][91]=354.5151618760473
t[1][92]=981.6170332670475
t[1][93]=1067.2998641431564
t[1][94]=1249.5283110037963
t[1][95]=892.4595228916547
t[1][96]=657.5994221408653
t[1][97]=936.3530317140005
t[1][98]=790.9140281977556
t[1][99]=837.2843005813497
t[1][100]=1163.314660786152
t[2][0]=1927.8392049131069
t[2][1]=987.3849300045043
t[2][3]=2337.62978249337
t[2][4]=660.7306561678517
t[2][5]=914.1580826093483
t[2][6]=1853.1189924017292
t[2][7]=1481.348709791182
t[2][8]=1751.4979303441953
t[2][9]=1264.3773171011887
t[2][10]=1398.5581861331334
t[2][11]=1858.6629603023782
t[2][12]=2006.5338272752842
t[2][13]=570.9544640336916
t[2][14]=1905.4012700741018
t[2][15]=1341.363858168245
t[2][16]=947.3990711416177
t[2][17]=1859.80133347624
t[2][18]=1181.061387058268
t[2][19]=415.2131982488033
t[2][20]=1532.935093211712
t[2][21]=1660.2005902902215
t[2][22]=1097.4538714679538
t[2][23]=450.2887962186046
t[2][24]=1614.5665052886486
t[2][25]=1350.4462225501613
t[2][26]=1496.1808045821201
t[2][27]=2009.7445111257302
t[2][28]=1751.5321864013804
t[2][29]=1043.107856360022
t[2][30]=1219.5843554260607
t[2][31]=1127.4617510141975
t[2][32]=2121.2847522197485
t[2][33]=835.5513150010596
t[2][34]=892.2981564477201
t[2][35]=614.0570006115067
t[2][36]=374.7225640390501
t[2][37]=1300.5875595283849
t[2][38]=435.59843893200537
t[2][39]=1304.118476212955
t[2][40]=1569.0570416654712
t[2][41]=1563.955562028538
t[2][42]=1479.9249980995658
t[2][43]=525.0380938560554
t[2][44]=1253.1951164922405
t[2][45]=1788.7408979502873
t[2][46]=1255.7356409690697
t[2][47]=374.8172888221673
t[2][48]=1402.7544332490986
t[2][49]=1627.6516826397472
t[2][50]=724.4101048439344
t[2][51]=1297.8705636541727
t[2][52]=1856.4818878728659
t[2][53]=2044.5645013058404
t[2][54]=924.0346313856423
t[2][55]=282.9628950940388
t[2][56]=1664.071212418507
t[2][57]=599.0125207372547
t[2][58]=626.2307881284663
t[2][59]=1995.8469380190456
t[2][60]=1149.5760087962865
t[2][61]=408.87161799273866
t[2][62]=990.7169121398907
t[2][63]=561.2708793443679
t[2][64]=1844.309355829439
t[2][65]=1563.5053565626183
t[2][66]=941.0765112359356
t[2][67]=1515.1983368523079
t[2][68]=2329.2910938738423
t[2][69]=1742.1070575598962
t[2][70]=251.91466809219347
t[2][71]=1432.011871459172
t[2][72]=1308.5094573597853
t[2][73]=1941.9258482238708
t[2][74]=612.5952987086989
t[2][75]=2187.8128347735783
t[2][76]=1502.6313586505507
t[2][77]=960.2296600293078
t[2][78]=756.7113055848974
t[2][79]=748.2145414251182
t[2][80]=1949.3652813159467
t[2][81]=1177.1801051665798
t[2][82]=1576.7361859233142
t[2][83]=833.9304527357183
t[2][84]=1543.894102586055
t[2][85]=874.7005201781922
t[2][86]=414.59618908041114
t[2][87]=2178.1643647805827
t[2][88]=1681.1273003553301
t[2][89]=1826.4741991060262
t[2][90]=2220.911974842767
t[2][91]=1313.097102273857
t[2][92]=1962.380442218073
t[2][93]=80.11242100947892
t[2][94]=1426.215271268682
t[2][95]=1813.9528659808116
t[2][96]=363.3730865102698
t[2][97]=635.1377803280167
t[2][98]=219.27608168699112
t[2][99]=1210.6072856215594
t[2][100]=2053.5554533540117
t[3][0]=1782.235955197852
t[3][1]=1423.1233256467972
t[3][2]=2337.62978249337
t[3][4]=1764.0691596419908
t[3][5]=1884.2743961535964
t[3][6]=824.345194684848
t[3][7]=1596.8547210062661
t[3][8]=996.7597503912365
t[3][9]=1822.8101930810021
t[3][10]=1196.3452678888316
t[3][11]=657.7089021748147
t[3][12]=332.3266465392145
t[3][13]=1939.0394529250816
t[3][14]=432.30660415959414
t[3][15]=1388.3666662665162
t[3][16]=1602.1741478378685
t[3][17]=952.8000839630525
t[3][18]=1321.6402687569716
t[3][19]=2063.1085768810135
t[3][20]=1375.663112829591
t[3][21]=1188.471707698589
t[3][22]=1531.987597861027
t[3][23]=2194.279152705963
t[3][24]=796.7232894801056
t[3][25]=1239.5910616005588
t[3][26]=1756.4538137964232
t[3][27]=516.4745879518179
t[3][28]=1137.6959171940453
t[3][29]=1619.8793164924355
t[3][30]=1408.8055224196135
t[3][31]=1224.5754366309982
t[3][32]=457.35106865514155
t[3][33]=1533.9142740062105
t[3][34]=1996.450099551702
t[3][35]=1777.4490147399447
t[3][36]=2121.320814964111
t[3][37]=1445.0346016618425
t[3][38]=2322.9492030606266
t[3][39]=1113.1253298708102
t[3][40]=1187.1078299800738
t[3][41]=813.0559636335005
t[3][42]=1721.0813461309724
t[3][43]=1882.454249112047
t[3][44]=1144.6837991340665
t[3][45]=594.3778259659423
t[3][46]=1935.4598936686857
t[3][47]=1962.8604127650035
t[3][48]=1529.1451860434966
t[3][49]=1287.9398277869973
t[3][50]=2037.008836505134
t[3][51]=1212.3683433676417
t[3][52]=1609.0898048275615
t[3][53]=430.2383060583983
t[3][54]=1464.972695991294
t[3][55]=2453.9928687752945
t[3][56]=1344.1138344649237
t[3][57]=2088.967448286354
t[3][58]=2093.712969821795
t[3][59]=646.309523370962
t[3][60]=1310.5983366386515
t[3][61]=1939.5084428792775
t[3][62]=1442.5037261650314
t[3][63]=1853.6234784874732
t[3][64]=823.9769414249406
t[3][65]=844.8100378191538
t[3][66]=1441.3611622351978
t[3][67]=1563.7048954326388
t[3][68]=12.165525060596439
t[3][69]=1313.8645287852169
t[3][70]=2099.0378748369453
t[3][71]=1367.7415691569809
t[3][72]=1442.8478783295209
t[3][73]=442.62060503324966
t[3][74]=2052.3401277566054
t[3][75]=257.3441275801723
t[3][76]=913.9037148409016
t[3][77]=1693.7821583662994
t[3][78]=1915.5586652462514
t[3][79]=1918.6161679710717
t[3][80]=399.5722713102099
t[3][81]=1882.707093522516
t[3][82]=992.1542218828683
t[3][83]=1898.7535385088818
t[3][84]=997.8697309769447
t[3][85]=1562.9843249373937
t[3][86]=1932.7340737928744
t[3][87]=312.4627977855924
t[3][88]=793.8412939624645
t[3][89]=1115.6688576813463
t[3][90]=203.0
t[3][91]=1068.8166353495815
t[3][92]=593.6901548787886
t[3][93]=2415.8064905948077
t[3][94]=1596.0379068180055
t[3][95]=1233.3645041106056
t[3][96]=1974.8187258581481
t[3][97]=1983.9125484758647
t[3][98]=2119.843626308318
t[3][99]=1362.3233830482393
t[3][100]=292.227650984639
t[4][0]=1343.1459339922822
t[4][1]=347.6147292621531
t[4][2]=660.7306561678517
t[4][3]=1764.0691596419908
t[4][5]=983.8912541536286
t[4][6]=1451.215008191412
t[4][7]=871.2204083927327
t[4][8]=1403.1571544199887
t[4][9]=724.2133663500005
t[4][10]=1087.5633314892518
t[4][11]=1224.098443753606
t[4][12]=1443.5709196295138
t[4][13]=183.89671013914307
t[4][14]=1337.72082289243
t[4][15]=1128.8303681244583
t[4][16]=296.84002425549016
t[4][17]=1503.0741831326889
t[4][18]=522.759026703509
t[4][19]=649.979230437404
t[4][20]=885.8357635589116
t[4][21]=1381.3706960841466
t[4][22]=449.46412537598593
t[4][23]=433.48933089523666
t[4][24]=994.0724319686167
t[4][25]=1053.0042734956016
t[4][26]=926.4178322981483
t[4][27]=1525.6585463333531
t[4][28]=1456.9076841035605
t[4][29]=413.4936517045939
t[4][30]=998.2329387472645
t[4][31]=545.6161654496685
t[4][32]=1632.1721722906564
t[4][33]=239.82702099638396
t[4][34]=1037.8135670726222
t[4][35]=503.4411584286688
t[4][36]=360.30265055922087
t[4][37]=653.0735027544756
t[4][38]=561.2388083516677
t[4][39]=893.9015605758835
t[4][40]=908.9317906201763
t[4][41]=957.3630450356856
t[4][42]=1430.712060478977
t[4][43]=136.12494260788506
t[4][44]=628.131355689238
t[4][45]=1184.086567781258
t[4][46]=1327.6931121309624
t[4][47]=356.046345297912
t[4][48]=776.16042156245
t[4][49]=974.0867517834333
t[4][50]=382.51405202946466
t[4][51]=965.0497396507602
t[4][52]=1243.8496693732727
t[4][53]=1426.802368935516
t[4][54]=299.127063302537
t[4][55]=698.997138763815
t[4][56]=1016.2804730978551
t[4][57]=844.5667528384006
t[4][58]=381.2951612596205
t[4][59]=1352.715786852508
t[4][60]=497.3529933558257
t[4][61]=279.8731855680354
t[4][62]=701.6017388803994
t[4][63]=544.8853090330111
t[4][64]=1441.3278599957748
t[4][65]=942.4924402879844
t[4][66]=322.8157369150395
t[4][67]=1394.6028108389858
t[4][68]=1757.2751634277427
t[4][69]=1092.4120101866329
t[4][70]=507.1370623411387
t[4][71]=1218.2696745794833
t[4][72]=661.1278242518613
t[4][73]=1340.9358672210988
t[4][74]=826.2929262676765
t[4][75]=1654.9132907799128
t[4][76]=1051.2697084953984
t[4][77]=349.2763948508402
t[4][78]=851.05170230721
t[4][79]=287.7846417027844
t[4][80]=1400.689116113922
t[4][81]=666.3887754156729
t[4][82]=1199.0704733250668
t[4][83]=349.56687486087696
t[4][84]=1160.6153540256134
t[4][85]=218.33002542023394
t[4][86]=278.0017985553331
t[4][87]=1566.3476625577093
t[4][88]=1046.0076481555955
t[4][89]=1166.5851876309762
t[4][90]=1623.0468261883266
t[4][91]=698.997138763815
t[4][92]=1327.4245741284135
t[4][93]=739.1136583773838
t[4][94]=1322.7581033582821
t[4][95]=1158.9132840726263
t[4][96]=382.31008357091497
t[4][97]=787.9600243667187
t[4][98]=488.29601677670894
t[4][99]=954.9015656076808
t[4][100]=1497.0467594567647
t[5][0]=2248.0669474017004
t[5][1]=1050.947191822691
t[5][2]=914.1580826093483
t[5][3]=1884.2743961535964
t[5][4]=983.8912541536286
t[5][6]=1175.3539892304786
t[5][7]=1773.2853690255272
t[5][8]=1024.4569293044974
t[5][9]=1692.2142299366235
t[5][10]=706.6540879383632
t[5][11]=1647.5402878230323
t[5][12]=1569.9582797004512
t[5][13]=1081.4305340612498
t[5][14]=1495.1096949722453
t[5][15]=553.2522028876161
t[5][16]=1209.1980813745943
t[5][17]=1126.514092233204
t[5][18]=1252.4731534048944
t[5][19]=502.1682984816943
t[5][20]=1704.1481743087952
t[5][21]=873.5519446489716
t[5][22]=1334.3837528986928
t[5][23]=1183.3279342599835
t[5][24]=1399.7321172281502
t[5][25]=657.7841591282053
t[5][26]=1866.9076034983627
t[5][27]=1426.573517208279
t[5][28]=967.4058093685401
t[5][29]=1341.7946936845442
t[5][30]=484.92989184004733
t[5][31]=985.5074834824949
t[5][32]=1531.698403733581
t[5][33]=913.1533277604589
t[5][34]=112.37882362794157
t[5][35]=481.1496648653099
t[5][36]=1051.2506837096469
t[5][37]=1502.6859285958594
t[5][38]=1251.102313961572
t[5][39]=785.0159234053791
t[5][40]=1632.7966805453764
t[5][41]=1320.3370781736003
t[5][42]=568.3388074027674
t[5][43]=941.6772270794277
t[5][44]=1157.271359707826
t[5][45]=1491.0013413810198
t[5][46]=358.92199709686224
t[5][47]=736.8968720248445
t[5][48]=1660.8482772366656
t[5][49]=1751.3940162053768
t[5][50]=1322.4314727047297
t[5][51]=671.9680051907234
t[5][52]=2114.734025829253
t[5][53]=1745.6119270903255
t[5][54]=987.5854393418323
t[5][55]=1185.4319887703384
t[5][56]=1816.6881955910872
t[5][57]=334.2528982671654
t[5][58]=1270.724202964593
t[5][59]=1803.0024958385388
t[5][60]=1190.5334938589506
t[5][61]=806.9058185438992
t[5][62]=505.20193982208735
t[5][63]=455.72140612439966
t[5][64]=1169.288672655303
t[5][65]=1362.2107032320662
t[5][66]=980.1652921829052
t[5][67]=626.2659179613721
t[5][68]=1873.2394401143704
t[5][69]=1876.3608394975631
t[5][70]=713.8977517824244
t[5][71]=623.1380264435802
t[5][72]=1509.908606505705
t[5][73]=1607.836123490202
t[5][74]=309.7256850827842
t[5][75]=1666.3493031174467
t[5][76]=972.6098909634838
t[5][77]=1306.8098560999606
t[5][78]=160.01562423713506
t[5][79]=1258.3838841943264
t[5][80]=1491.4221401065495
t[5][81]=1645.3242841458336
t[5][82]=920.4911732330735
t[5][83]=1330.4604466123749
t[5][84]=903.3947088620787
t[5][85]=1053.740954884074
t[5][86]=801.7187786250239
t[5][87]=1843.5088825389478
t[5][88]=1503.6282785316323
t[5][89]=1860.5808232914796
t[5][90]=1840.9521992708012
t[5][91]=1164.8403324061198
t[5][92]=1737.2812092462175
t[5][93]=953.4552952288849
t[5][94]=535.7098095051089
t[5][95]=1905.6153861679434
t[5][96]=717.540939598571
t[5][97]=279.1146717748818
t[5][98]=770.3330448578719
t[5][99]=523.3784481615573
t[5][100]=1596.3975068885568
t[6][0]=2078.515335521968
t[6][1]=1195.0401666889695
t[6][2]=1853.1189924017292
t[6][3]=824.345194684848
t[6][4]=1451.215008191412
t[6][5]=1175.3539892304786
t[6][7]=1720.0988343696997
t[6][8]=175.28548142958104
t[6][9]=1835.0476833041696
t[6][10]=477.58664135421543
t[6][11]=987.361129475938
t[6][12]=612.3005797808785
t[6][13]=1633.2094170681235
t[6][14]=611.5815562948248
t[6][15]=627.8956919743915
t[6][16]=1431.855090433386
t[6][17]=141.4814475470194
t[6][18]=1227.6041707325696
t[6][19]=1492.0013404819715
t[6][20]=1530.5423875214956
t[6][21]=368.26620806150544
t[6][22]=1442.7657467517033
t[6][23]=1865.051741909591
t[6][24]=879.2411500834114
t[6][25]=528.5574708581839
t[6][26]=1875.4052895307723
t[6][27]=307.8782226790326
t[6][28]=313.6000637755037
t[6][29]=1514.0052840066312
t[6][30]=695.6608369025814
t[6][31]=959.0161625332495
t[6][32]=386.67945381155175
t[6][33]=1218.0525440226295
t[6][34]=1281.6559600766502
t[6][35]=1239.8983829330532
t[6][36]=1756.2496975088707
t[6][37]=1468.608184642861
t[6][38]=1983.976814380652
t[6][39]=564.4864923096035
t[6][40]=1356.1423229145237
t[6][41]=816.9265572865164
t[6][42]=905.7328524460179
t[6][43]=1527.2802624272992
t[6][44]=1006.0337966489992
t[6][45]=785.5545811717986
t[6][46]=1146.470235112975
t[6][47]=1504.4181599542064
t[6][48]=1614.5123102658586
t[6][49]=1496.4624953536256
t[6][50]=1813.320710740381
t[6][51]=558.378008162929
t[6][52]=1901.9666137974136
t[6][53]=919.0919431699965
t[6][54]=1196.3452678888316
t[6][55]=2045.131291628975
t[6][56]=1571.3500564800956
t[6][57]=1447.7354730751056
t[6][58]=1831.0819206141489
t[6][59]=1102.6264099866282
t[6][60]=1179.9766946851112
t[6][61]=1514.7125139774873
t[6][62]=862.7919795640198
t[6][63]=1300.2403623945843
t[6][64]=10.04987562112089
t[6][65]=889.0877347033869
t[6][66]=1170.3952323894694
t[6][67]=747.2964605830808
t[6][68]=812.1828611833668
t[6][69]=1584.1366733965854
t[6][70]=1601.2285908014508
t[6][71]=580.5996899758043
t[6][72]=1470.9809652065521
t[6][73]=786.5328982312183
t[6][74]=1412.2198837291592
t[6][75]=569.3794868099833
t[6][76]=406.3409898102824
t[6][77]=1552.4396928705476
t[6][78]=1251.7643548208264
t[6][79]=1697.9119529586922
t[6][80]=534.6634455430818
t[6][81]=1853.9495678146156
t[6][82]=277.0649743291274
t[6][83]=1716.613526685608
t[6][84]=309.2458568841303
t[6][85]=1318.5647500217804
t[6][86]=1507.1098168348583
t[6][87]=936.9791886696311
t[6][88]=969.5963077487455
t[6][89]=1444.0865625024007
t[6][90]=876.5021391873496
t[6][91]=936.8468391364727
t[6][92]=1017.7332656447858
t[6][93]=1922.0416228583604
t[6][94]=790.4327928419974
t[6][95]=1547.373581266011
t[6][96]=1506.1161973765504
t[6][97]=1348.742377179571
t[6][98]=1639.3376711342908
t[6][99]=674.50129725598
t[6][100]=599.2862421247463
t[7][0]=477.67980907716833
t[7][1]=726.5211628025711
t[7][2]=1481.348709791182
t[7][3]=1596.8547210062661
t[7][4]=871.2204083927327
t[7][5]=1773.2853690255272
t[7][6]=1720.0988343696997
t[7][8]=1762.3691440785044
t[7][9]=293.4552776829887
t[7][10]=1572.5816354008462
t[7][11]=939.4647412223622
t[7][12]=1374.2503410951006
t[7][13]=910.9560911481958
t[7][14]=1282.8982812366692
t[7][15]=1705.4691436669266
t[7][16]=583.7233933979346
t[7][17]=1829.7390524334337
t[7][18]=554.0036100965408
t[7][19]=1518.3412001259796
t[7][20]=221.20578654275752
t[7][21]=1833.7720687151934
t[7][22]=441.9694559582144
t[7][23]=1084.0304423769658
t[7][24]=877.9117267698388
t[7][25]=1563.181691295033
t[7][26]=162.24980739587951
t[7][27]=1628.6512825034092
t[7][28]=1875.4522121344494
t[7][29]=457.96069700357475
t[7][30]=1599.2610793738463
t[7][31]=870.6985701148245
t[7][32]=1702.5430978392294
t[7][33]=861.4638703973603
t[7][34]=1850.2026915989502
t[7][35]=1324.9392438900736
t[7][36]=1112.0364202668904
t[7][37]=281.58480072617556
t[7][38]=1182.867701816226
t[7][39]=1318.3736192749004
t[7][40]=411.1763611882376
t[7][41]=918.3555956164257
t[7][42]=2089.575076421041
t[7][43]=987.1357556081128
t[7][44]=745.0771772105222
t[7][45]=1053.8254124853888
t[7][46]=2075.9484579343484
t[7][47]=1226.706973975448
t[7][48]=116.66190466471906
t[7][49]=319.3305497443049
t[7][50]=801.5834329625333
t[7][51]=1462.2975073493083
t[7][52]=375.82043584669526
t[7][53]=1168.2679487172452
t[7][54]=786.375228501
t[7][55]=1403.5077484645392
t[7][56]=288.73690446494714
t[7][57]=1701.033215431139
t[7][58]=903.0088593142373
t[7][59]=975.106660832547
t[7][60]=617.7127163981652
t[7][61]=1147.9311826063442
t[7][62]=1340.8900029458046
t[7][63]=1385.231027662895
t[7][64]=1710.6656599113692
t[7][65]=850.9600460656187
t[7][66]=795.8775031372604
t[7][67]=2002.2886904739785
t[7][68]=1595.9251235568665
t[7][69]=357.45908856818846
t[7][70]=1373.5170184602737
t[7][71]=1773.9458841802361
t[7][72]=275.835095664058
t[7][73]=1174.1149858510453
t[7][74]=1678.3935772041075
t[7][75]=1619.9743825135013
t[7][76]=1351.1361885465137
t[7][77]=527.9024531104208
t[7][78]=1668.7726028431794
t[7][79]=740.0060810560951
t[7][80]=1382.2261030670777
t[7][81]=390.1858531520588
t[7][82]=1567.005105288429
t[7][83]=659.9287840365807
t[7][84]=1531.431030115297
t[7][85]=727.0962797319211
t[7][86]=1146.9646899534441
t[7][87]=1301.6120773871146
t[7][88]=829.0313624948094
t[7][89]=544.2003307606492
t[7][90]=1400.8069103199057
t[7][91]=798.3846190903229
t[7][92]=1008.5420169730163
t[7][93]=1551.489606797287
t[7][94]=1955.686068877109
t[7][95]=457.5904282215702
t[7][96]=1253.175965297771
t[7][97]=1630.7697568939645
t[7][98]=1347.1451295239128
t[7][99]=1536.4751869132153
t[7][100]=1433.202009487846
t[8][0]=2146.793189853182
t[8][1]=1180.282169652664
t[8][2]=1751.4979303441953
t[8][3]=996.7597503912365
t[8][4]=1403.1571544199887
t[8][5]=1024.4569293044974
t[8][6]=175.28548142958104
t[8][7]=1762.3691440785044
t[8][9]=1850.7579528398628
t[8][10]=353.4176000144871
t[8][11]=1102.2418065016404
t[8][12]=766.3661005028863
t[8][13]=1581.109736862056
t[8][14]=750.7842566276946
t[8][15]=471.55911612437313
t[8][16]=1419.7267342696623
t[8][17]=108.45275469069469
t[8][18]=1243.4456160202585
t[8][19]=1374.2754454620806
t[8][20]=1585.4478862453977
t[8][21]=193.04144632694815
t[8][22]=1449.1059312555449
t[8][23]=1801.5695934378998
t[8][24]=961.1503524423221
t[8][25]=402.75054314054006
t[8][26]=1912.5794101160873
t[8][27]=481.06548410793306
t[8][28]=149.83324063771698
t[8][29]=1513.6898625544138
t[8][30]=556.5689534999235
t[8][31]=951.1661263943329
t[8][32]=561.8861094563559
t[8][33]=1179.2357694710588
t[8][34]=1127.7131727527174
t[8][35]=1138.074250653269
t[8][36]=1686.3356723974025
t[8][37]=1498.8145315548552
t[8][38]=1915.82593155015
t[8][39]=511.1653352879086
t[8][40]=1421.0126670793613
t[8][41]=890.0528074221214
t[8][42]=730.4498613868031
t[8][43]=1465.885397976254
t[8][44]=1026.785761490682
t[8][45]=898.3546070455698
t[8][46]=974.7148300913452
t[8][47]=1416.7247439075807
t[8][48]=1652.3089904736341
t[8][49]=1563.1330717504509
t[8][50]=1776.2986798396266
t[8][51]=457.8657008337707
t[8][52]=1973.1528070577808
t[8][53]=1060.511668959847
t[8][54]=1171.1093031822436
t[8][55]=1959.1112781054576
t[8][56]=1638.9618665484563
t[8][57]=1311.6985171905928
t[8][58]=1784.3867293835158
t[8][59]=1228.7595370942192
t[8][60]=1190.079829255164
t[8][61]=1435.628433822624
t[8][62]=764.8954176879347
t[8][63]=1191.9941275023127
t[8][64]=174.0
t[8][65]=962.2484086762628
t[8][66]=1146.027922870992
t[8][67]=572.0113635234881
t[8][68]=984.6146454324148
t[8][69]=1659.4920909724156
t[8][70]=1500.8324356836108
t[8][71]=414.2475105537751
t[8][72]=1502.0652449211386
t[8][73]=922.1220092807675
t[8][74]=1277.0473757852526
t[8][75]=743.1877286392719
t[8][76]=411.79849441201213
t[8][77]=1542.5122365803131
t[8][78]=1112.6944773836167
t[8][79]=1664.6471097502917
t[8][80]=685.1715113750716
t[8][81]=1860.259121735464
t[8][82]=208.0384579831335
t[8][83]=1691.9270078818413
t[8][84]=247.01821795163207
t[8][85]=1293.2818718284116
t[8][86]=1428.0213583836903
t[8][87]=1091.615774895178
t[8][88]=1060.265061199321
t[8][89]=1534.8423371799463
t[8][90]=1038.3549489456868
t[8][91]=965.4931382459432
t[8][92]=1144.2490987542878
t[8][93]=1817.066041727708
t[8][94]=616.4000324464624
t[8][95]=1631.9957107786772
t[8][96]=1415.6486145933247
t[8][97]=1216.051396940113
t[8][98]=1542.6577715099354
t[8][99]=547.4093532266324
t[8][100]=760.0059210295667
t[9][0]=667.0067465925663
t[9][1]=704.9631196027208
t[9][2]=1264.3773171011887
t[9][3]=1822.8101930810021
t[9][4]=724.2133663500005
t[9][5]=1692.2142299366235
t[9][6]=1835.0476833041696
t[9][7]=293.4552776829887
t[9][8]=1850.7579528398628
t[9][10]=1613.5467145391235
t[9][11]=1168.890927332401
t[9][12]=1570.419052355135
t[9][13]=709.9133749972598
t[9][14]=1471.6657229140046
t[9][15]=1717.9432470253491
t[9][16]=490.6862541380184
t[9][17]=1930.1432589318338
t[9][18]=608.3978961173353
t[9][19]=1367.5393961418442
t[9][20]=480.70781146139075
t[9][21]=1893.6324881032222
t[9][22]=407.03931014092484
t[9][23]=838.7288000301409
t[9][24]=1057.2629758011958
t[9][25]=1595.1429403034701
t[9][26]=237.00843866833097
t[9][27]=1788.2351635061873
t[9][28]=1947.646015065366
t[9][29]=363.23546082396746
t[9][30]=1599.5599394833569
t[9][31]=907.4491721303183
t[9][32]=1873.0331016829361
t[9][33]=794.4734105053485
t[9][34]=1755.225911385768
t[9][35]=1219.1554453801205
t[9][36]=889.6566753529139
t[9][37]=385.2298015470766
t[9][38]=924.106054519718
t[9][39]=1368.0149852980412
t[9][40]=647.8533784738643
t[9][41]=1078.860973434483
t[9][42]=2076.606847720579
t[9][43]=814.6195430997221
t[9][44]=829.1200154380547
t[9][45]=1250.5230905505105
t[9][46]=2020.5509149734387
t[9][47]=1062.398230420213
t[9][48]=304.8442225137291
t[9][49]=592.2837157984338
t[9][50]=550.276294237722
t[9][51]=1494.78894831344
t[9][52]=625.0511979030198
t[9][53]=1402.1219633113233
t[9][54]=745.086572151183
t[9][55]=1151.271471026708
t[9][56]=576.0980819270275
t[9][57]=1568.1103277512077
t[9][58]=653.4041628272657
t[9][59]=1227.5850276050128
t[9][60]=660.7306561678517
t[9][61]=979.6540205603201
t[9][62]=1317.137046779871
t[9][63]=1267.2509617277865
t[9][64]=1825.197249614408
t[9][65]=1020.2671218852444
t[9][66]=762.9711659034042
t[9][67]=2009.1560417249825
t[9][68]=1820.5507408473954
t[9][69]=648.7688340233368
t[9][70]=1195.0167362844757
t[9][71]=1795.946547088749
t[9][72]=385.7628805367359
t[9][73]=1386.4638473469115
t[9][74]=1550.4247805037173
t[9][75]=1815.296394531758
t[9][76]=1442.1112994495259
t[9][77]=385.40498180485423
t[9][78]=1569.0207136937358
t[9][79]=518.3483384751995
t[9][80]=1565.6324600620671
t[9][81]=100.42410069301094
t[9][82]=1646.2906790721984
t[9][83]=431.5020278052005
t[9][84]=1608.4393056624797
t[9][85]=648.8335687986558
t[9][86]=980.4182780833903
t[9][87]=1541.236516567136
t[9][88]=1032.7560215268657
t[9][89]=826.047214146988
t[9][90]=1634.01101587474
t[9][91]=899.0717435221729
t[9][92]=1249.5379145908298
t[9][93]=1328.4953895290716
t[9][94]=1951.575773573755
t[9][95]=747.8669667795202
t[9][96]=1089.2024605187046
t[9][97]=1511.7016901492173
t[9][98]=1160.0017241366497
t[9][99]=1541.9935149020569
t[9][100]=1630.0822065159782
t[10][0]=1998.8449164454955
t[10][1]=914.432064179729
t[10][2]=1398.5581861331334
t[10][3]=1196.3452678888316
t[10][4]=1087.5633314892518
t[10][5]=706.6540879383632
t[10][6]=477.58664135421543
t[10][7]=1572.5816354008462
t[10][8]=353.4176000144871
t[10][9]=1613.5467145391235
t[10][11]=1099.2201781262934
t[10][12]=901.0799076663512
t[10][13]=1258.9916600200336
t[10][14]=844.4270246741278
t[10][15]=200.25983121934362
t[10][16]=1149.7825881443848
t[10][17]=461.8679464955324
t[10][18]=1024.5667376994043
t[10][19]=1021.8752370030306
t[10][20]=1424.6181944647485
t[10][21]=294.0153057240388
t[10][22]=1206.5239326262865
t[10][23]=1467.5370523431427
t[10][24]=893.5155286843088
t[10][25]=50.99019513592785
t[10][26]=1710.279509320041
t[10][27]=720.8716945476497
t[10][28]=371.4000538502923
t[10][29]=1258.8713198734808
t[10][30]=221.84003245582164
t[10][31]=709.5244886541972
t[10][32]=825.1278688785151
t[10][33]=879.5550011227268
t[10][34]=816.1354054322113
t[10][35]=785.7792310821151
t[10][36]=1348.044509650924
t[10][37]=1294.9042435639788
t[10][38]=1577.7049787587032
t[10][39]=254.8921340488953
t[10][40]=1286.3533729111919
t[10][41]=811.2570492759986
t[10][42]=595.0
t[10][43]=1136.191885202495
t[10][44]=829.8560116068329
t[10][45]=908.1084736968376
t[10][46]=748.727587310632
t[10][47]=1068.8316050716314
t[10][48]=1457.288235044804
t[10][49]=1426.6033085619842
t[10][50]=1468.0003405994155
t[10][51]=123.40583454602137
t[10][52]=1834.562618173607
t[10][53]=1132.2336331340807
t[10][54]=890.171331823262
t[10][55]=1610.5480433690886
t[10][56]=1501.813570320897
t[10][57]=970.1489576348572
t[10][58]=1465.694374690713
t[10][59]=1246.97473911864
t[10][60]=963.9553931588329
t[10][61]=1092.4985125847998
t[10][62]=416.5249092191246
t[10][63]=838.6381818162109
t[10][64]=470.425339453563
t[10][65]=875.5809499983425
t[10][66]=867.3107862813653
t[10][67]=463.5266982601973
t[10][68]=1184.8248815753323
t[10][69]=1537.8354918521031
t[10][70]=1148.3004833230716
t[10][71]=221.60550534677608
t[10][72]=1299.6060941685369
t[10][73]=987.8425987980069
t[10][74]=934.6453872993757
t[10][75]=966.5195290318763
t[10][76]=327.099373279742
t[10][77]=1272.7324934957855
t[10][78]=774.6050606599468
t[10][79]=1362.0315708528933
t[10][80]=818.3520025025906
t[10][81]=1608.240031836044
t[10][82]=213.85976713725282
t[10][83]=1399.430241205327
t[10][84]=199.6246477767713
t[10][85]=1008.2628625512298
t[10][86]=1084.9336385235736
t[10][87]=1204.0950959122788
t[10][88]=1003.076268286714
t[10][89]=1451.3197442328137
t[10][90]=1181.060963710172
t[10][91]=788.5664207915526
t[10][92]=1168.507595182847
t[10][93]=1463.7421220966485
t[10][94]=452.3549491273418
t[10][95]=1531.2772446555848
t[10][96]=1066.4825361908183
t[10][97]=871.3810876992914
t[10][98]=1190.9781694053002
t[10][99]=197.29419656948858
t[10][100]=917.6736892817621
t[11][0]=1165.9845625050102
t[11][1]=878.0461263510022
t[11][2]=1858.6629603023782
t[11][3]=657.7089021748147
t[11][4]=1224.098443753606
t[11][5]=1647.5402878230323
t[11][6]=987.361129475938
t[11][7]=939.4647412223622
t[11][8]=1102.2418065016404
t[11][9]=1168.890927332401
t[11][10]=1099.2201781262934
t[11][12]=466.9582422444217
t[11][13]=1381.1752242203015
t[11][14]=402.3853874086384
t[11][15]=1293.578370258254
t[11][16]=1007.3951558350874
t[11][17]=1124.843544676325
t[11][18]=723.1445222083895
t[11][19]=1669.829332596598
t[11][20]=718.366201877566
t[11][21]=1249.49989995998
t[11][22]=911.2173176580875
t[11][23]=1632.9274325578585
t[11][24]=255.8378392654222
t[11][25]=1121.2568840368383
t[11][26]=1099.6422145407114
t[11][27]=784.5871525840836
t[11][28]=1247.6782437792206
t[11][29]=999.0965919269267
t[11][30]=1250.395937293464
t[11][31]=745.7305143280647
t[11][32]=827.5898742734834
t[11][33]=1023.1412414715771
t[11][34]=1755.576258668361
t[11][35]=1387.0176639105935
t[11][36]=1582.6133450720047
t[11][37]=797.819528464928
t[11][38]=1760.286908432827
t[11][39]=893.6403079539328
t[11][40]=529.399659992335
t[11][41]=329.02431521089744
t[11][42]=1694.122191578872
t[11][43]=1355.486997355563
t[11][44]=605.4766717223712
t[11][45]=203.8872237291979
t[11][46]=1817.4410581914342
t[11][47]=1493.3626485217849
t[11][48]=872.2224486906996
t[11][49]=634.5470825714984
t[11][50]=1436.8973519357603
t[11][51]=1046.1433936129406
t[11][52]=987.7190896201207
t[11][53]=233.46091750012462
t[11][54]=936.5489843035441
t[11][55]=1922.1342304844372
t[11][56]=695.4861608975408
t[11][57]=1757.4492880308096
t[11][58]=1506.8048977886951
t[11][59]=155.46382215808282
t[11][60]=731.322774156528
t[11][61]=1449.8068836917557
t[11][62]=1145.0921360309833
t[11][63]=1466.8186663660917
t[11][64]=980.4310276607937
t[11][65]=302.7358584641073
t[11][66]=918.1508590640211
t[11][67]=1556.7973535434855
t[11][68]=656.5554051258736
t[11][69]=675.9267711816126
t[11][70]=1645.6102211641735
t[11][71]=1318.220770584351
t[11][72]=794.8163309847125
t[11][73]=248.91765706755317
t[11][74]=1723.0150898932952
t[11][75]=702.9061103732133
t[11][76]=775.4695351849742
t[11][77]=1080.9185908291151
t[11][78]=1624.1773302198255
t[11][79]=1323.2282493961502
t[11][80]=503.4212947422864
t[11][81]=1233.4249065103234
t[11][82]=971.3047925342487
t[11][83]=1289.5285960381027
t[11][84]=951.3175074600488
t[11][85]=1007.647259709468
t[11][86]=1444.172427378393
t[11][87]=374.89731927555846
t[11][88]=178.23860412379804
t[11][89]=493.35180145612117
t[11][90]=465.17308606582134
t[11][91]=549.6216880728052
t[11][92]=103.75451797391764
t[11][93]=1938.7733235218602
t[11][94]=1551.5701724382304
t[11][95]=609.3381655534142
t[11][96]=1511.302749286191
t[11][97]=1656.271716838756
t[11][98]=1652.5646734696952
t[11][99]=1186.8588795640364
t[11][100]=521.0086371644908
t[12][0]=1632.5103368738587
t[12][1]=1108.054601542722
t[12][2]=2006.5338272752842
t[12][3]=332.3266465392145
t[12][4]=1443.5709196295138
t[12][5]=1569.9582797004512
t[12][6]=612.3005797808785
t[12][7]=1374.2503410951006
t[12][8]=766.3661005028863
t[12][9]=1570.419052355135
t[12][10]=901.0799076663512
t[12][11]=466.9582422444217
t[12][13]=1621.3960034488798
t[12][14]=106.50821564555478
t[12][15]=1099.1473968490304
t[12][16]=1300.8862363788771
t[12][17]=753.1487236927379
t[12][18]=1027.8852075985917
t[12][19]=1731.5484399808167
t[12][20]=1157.168959141231
t[12][21]=946.9635684650176
t[12][22]=1245.968298152084
t[12][23]=1875.932301550352
t[12][24]=514.7358545895166
t[12][25]=940.1260553776818
t[12][26]=1536.461193782648
t[12][27]=343.3322006453808
t[12][28]=915.6205545967172
t[12][29]=1332.3377950054557
t[12][30]=1103.9021695784459
t[12][31]=900.0799964447605
t[12][32]=364.72592449673766
t[12][33]=1210.0528914059914
t[12][34]=1682.337064918918
t[12][35]=1445.5130577065017
t[12][36]=1798.2338557595895
t[12][37]=1185.7596721089817
t[12][38]=2004.3003766900808
t[12][39]=790.1221424564685
t[12][40]=965.7090659199591
t[12][41]=510.7416176502557
t[12][42]=1459.8630072715728
t[12][43]=1558.5201314067137
t[12][44]=835.0760444414628
t[12][45]=321.30981933330327
t[12][46]=1649.1337119833552
t[12][47]=1631.8952172244394
t[12][48]=1291.7437826442208
t[12][49]=1086.6646216749673
t[12][50]=1733.2062773945863
t[12][51]=901.1692404870464
t[12][52]=1453.9838375993043
t[12][53]=320.7397699070073
t[12][54]=1145.3182963700528
t[12][55]=2128.391411371508
t[12][56]=1152.7102845034394
t[12][57]=1762.1628755594643
t[12][58]=1784.0126120630425
t[12][59]=534.4988306816022
t[12][60]=1008.8770985605729
t[12][61]=1610.232902408841
t[12][62]=1115.1439368978338
t[12][63]=1521.9517075124295
t[12][64]=608.4118670769004
t[12][65]=556.4431687063828
t[12][66]=1120.9643170056752
t[12][67]=1306.532816273667
t[12][68]=323.39604202896487
t[12][69]=1139.726721631111
t[12][70]=1767.0803603684808
t[12][71]=1091.5566865719802
t[12][72]=1184.8345876112835
t[12][73]=219.4766502386985
t[12][74]=1725.6132243350478
t[12][75]=245.96137908216403
t[12][76]=597.6562557189542
t[12][77]=1400.2303381943987
t[12][78]=1592.7341272164667
t[12][79]=1613.7636134205034
t[12][80]=83.86298349093002
t[12][81]=1620.0422833988007
t[12][82]=711.289673761682
t[12][83]=1600.72296166451
t[12][84]=709.073338943159
t[12][85]=1248.47627130034
t[12][86]=1603.3726952895263
t[12][87]=325.41972896553153
t[12][88]=545.2971666898701
t[12][89]=960.3051598320193
t[12][90]=281.02668912400475
t[12][91]=756.9108269802989
t[12][92]=454.4062059435368
t[12][93]=2084.488426449041
t[12][94]=1326.680066933999
t[12][95]=1076.1472947510485
t[12][96]=1643.4798447197336
t[12][97]=1657.053408915959
t[12][98]=1788.4350701101787
t[12][99]=1052.7411837674063
t[12][100]=59.665735560705194
t[13][0]=1364.2774644477568
t[13][1]=516.3119212259194
t[13][2]=570.9544640336916
t[13][3]=1939.0394529250816
t[13][4]=183.89671013914307
t[13][5]=1081.4305340612498
t[13][6]=1633.2094170681235
t[13][7]=910.9560911481958
t[13][8]=1581.109736862056
t[13][9]=709.9133749972598
t[13][10]=1258.9916600200336
t[13][11]=1381.1752242203015
t[13][12]=1621.3960034488798
t[13][14]=1515.2204460077749
t[13][15]=1286.8768394838723
t[13][16]=395.39853312828564
t[13][17]=1682.1920223327656
t[13][18]=663.5397501280537
t[13][19]=676.9468221359784
t[13][20]=967.2750384456326
t[13][21]=1551.8327873840017
t[13][22]=537.5648798052194
t[13][23]=255.34486483969087
t[13][24]=1160.0663774112238
t[13][25]=1222.2422018568986
t[13][26]=934.650736906573
t[13][27]=1709.3636242765901
t[13][28]=1629.78587550635
t[13][29]=475.42927970414274
t[13][30]=1155.1315942350464
t[13][31]=726.6615443244538
t[13][32]=1815.6673704178306
t[13][33]=423.51505286117043
t[13][34]=1119.7700656831294
t[13][35]=605.7565517598633
t[13][36]=213.4759939665348
t[13][37]=737.027136542475
t[13][38]=384.0690042166902
t[13][39]=1073.7197027157506
t[13][40]=1021.3603673532667
t[13][41]=1128.6141944880899
t[13][42]=1565.3641748807208
t[13][43]=140.7693148381422
t[13][44]=796.9247141355323
t[13][45]=1354.176133300244
t[13][46]=1435.571314842979
t[13][47]=369.9310746612131
t[13][48]=832.1015563018735
t[13][49]=1066.3024899155023
t[13][50]=241.07467722678797
t[13][51]=1137.5609873760616
t[13][52]=1286.4960163171902
t[13][53]=1590.861716177745
t[13][54]=476.4000419815263
t[13][55]=546.9780617172868
t[13][56]=1098.1438885683424
t[13][57]=890.2477183346217
t[13][58]=208.153789300123
t[13][59]=1502.9737189984394
t[13][60]=649.8569073265284
t[13][61]=287.8350221915325
t[13][62]=861.3924773295852
t[13][63]=626.6562055864443
t[13][64]=1623.3545515382646
t[13][65]=1108.773195924216
t[13][66]=501.27038611910837
t[13][67]=1541.6500900009703
t[13][68]=1932.5553032190307
t[13][69]=1177.0004248087594
t[13][70]=487.5920425929857
t[13][71]=1377.9350492675626
t[13][72]=744.7764765350743
t[13][73]=1511.1747086290188
t[13][74]=878.8822446721745
t[13][75]=1835.7657802671886
t[13][76]=1234.465876401612
t[13][77]=390.1845717093386
t[13][78]=935.6308032552156
t[13][79]=196.65706191235543
t[13][80]=1580.5644561358451
t[13][81]=632.411258596809
t[13][82]=1378.394718504101
t[13][83]=282.55441953719287
t[13][84]=1340.1678999289604
t[13][85]=377.76447689003265
t[13][86]=290.8693864950383
t[13][87]=1731.9898960444314
t[13][88]=1204.2001494768217
t[13][89]=1275.6900093674794
t[13][90]=1792.8784119398615
t[13][91]=870.8002067064523
t[13][92]=1483.566648317493
t[13][93]=643.0
t[13][94]=1465.661966484769
t[13][95]=1253.2334180032067
t[13][96]=395.6677899450497
t[13][97]=853.1781759984253
t[13][98]=450.30767259730317
t[13][99]=1116.3767285285016
t[13][100]=1675.620780487041
t[14][0]=1559.290223146416
t[14][1]=1001.6191891133077
t[14][2]=1905.4012700741018
t[14][3]=432.30660415959414
t[14][4]=1337.72082289243
t[14][5]=1495.1096949722453
t[14][6]=611.5815562948248
t[14][7]=1282.8982812366692
t[14][8]=750.7842566276946
t[14][9]=1471.6657229140046
t[14][10]=844.4270246741278
t[14][11]=402.3853874086384
t[14][12]=106.50821564555478
t[14][13]=1515.2204460077749
t[14][15]=1044.3931252167451
t[14][16]=1194.7790590732666
t[14][17]=752.7874866122577
t[14][18]=922.7805806365889
t[14][19]=1637.6971637027402
t[14][20]=1068.0299621265312
t[14][21]=921.5400154089891
t[14][22]=1141.6676399022615
t[14][23]=1769.8615765081743
t[14][24]=414.45023826751503
t[14][25]=880.0028409045052
t[14][26]=1445.1245621052879
t[14][27]=382.36762415246403
t[14][28]=900.5026374197912
t[14][29]=1227.721466783081
t[14][30]=1038.325575144906
t[14][31]=794.913831808203
t[14][32]=429.7452733887832
t[14][33]=1104.8275883593783
t[14][34]=1607.356214409239
t[14][35]=1350.7701506918193
t[14][36]=1692.93738809207
t[14][37]=1086.5514253821584
t[14][38]=1898.2781671820387
t[14][39]=710.9352994471437
t[14][40]=877.30154451021
t[14][41]=405.6316062636145
