Model loaded successfully from 'datasets/dummy9.txt'
Set parameter Username
Academic license - for non-commercial use only - expires 2023-07-15
t[0][1]=62.64982043070834
t[0][2]=59.39696961966999
t[0][3]=82.60750571225353
t[0][4]=72.78049189171504
t[0][5]=34.0
t[0][6]=49.8196748283246
t[0][7]=76.11832893594026
t[0][8]=92.91393867445294
t[0][9]=56.0357029044876
t[0][10]=73.35529974037323
t[0][11]=66.48308055437865
t[0][12]=107.5174404457249
t[0][13]=102.2154587134451
t[0][14]=43.60045871318328
t[0][15]=80.02499609497022
t[0][16]=66.76076692189807
t[0][17]=65.27633568147036
t[0][18]=87.32124598286491
t[0][19]=7.0710678118654755
t[0][20]=93.72299611087985
t[0][21]=101.25709851659784
t[0][22]=85.0881895447306
t[0][23]=36.6742416417845
t[0][24]=75.0066663703967
t[0][25]=98.38699100999075
t[0][26]=90.13878188659973
t[0][27]=28.635642126552707
t[0][28]=52.952809179494906
t[0][29]=94.89467845985885
t[0][30]=104.48444860360799
t[0][31]=41.400483088968905
t[0][32]=70.83078426785913
t[0][33]=71.30918594402827
t[0][34]=107.44766167767449
t[0][35]=97.62171889492625
t[0][36]=44.04543109109048
t[0][37]=70.32780389006896
t[0][38]=37.64306044943742
t[0][39]=86.34813257969161
t[0][40]=68.26419266350405
t[0][41]=31.25699921617557
t[0][42]=80.65977932030313
t[0][43]=97.082439194738
t[0][44]=83.24061508662703
t[0][45]=85.88364221433555
t[0][46]=25.942243542145693
t[0][47]=114.6298390472568
t[0][48]=116.18089343777659
t[0][49]=76.05918747922567
t[0][50]=86.57944328765345
t[0][51]=93.04837451562494
t[0][52]=35.11409973215888
t[1][0]=62.64982043070834
t[1][2]=17.69180601295413
t[1][3]=33.60059523282288
t[1][4]=21.2602916254693
t[1][5]=28.653097563788805
t[1][6]=21.840329667841555
t[1][7]=26.248809496813376
t[1][8]=31.11269837220809
t[1][9]=28.0178514522438
t[1][10]=40.8166632639171
t[1][11]=59.20304046246274
t[1][12]=51.62363799656123
t[1][13]=58.077534382926416
t[1][14]=20.396078054371138
t[1][15]=37.53664875824692
t[1][16]=14.212670403551895
t[1][17]=60.21627686929839
t[1][18]=65.19202405202648
t[1][19]=55.90169943749474
t[1][20]=42.2965719651132
t[1][21]=39.59797974644666
t[1][22]=52.392747589718944
t[1][23]=26.076809620810597
t[1][24]=35.22782990761707
t[1][25]=35.84689665786984
t[1][26]=60.41522986797286
t[1][27]=36.124783736376884
t[1][28]=20.223748416156685
t[1][29]=53.75872022286245
t[1][30]=52.172789842982326
t[1][31]=22.561028345356956
t[1][32]=55.154328932550705
t[1][33]=53.75872022286245
t[1][34]=47.01063709417264
t[1][35]=40.311288741492746
t[1][36]=27.294688127912362
t[1][37]=7.810249675906654
t[1][38]=26.870057685088806
t[1][39]=64.35060217278468
t[1][40]=6.708203932499369
t[1][41]=51.0098029794274
t[1][42]=29.0
t[1][43]=43.93176527297759
t[1][44]=25.96150997149434
t[1][45]=48.38388161361178
t[1][46]=43.56604182158393
t[1][47]=58.69412236331676
t[1][48]=61.09828148156051
t[1][49]=14.142135623730951
t[1][50]=71.84010022264724
t[1][51]=61.09828148156051
t[1][52]=43.104524124504614
t[2][0]=59.39696961966999
t[2][1]=17.69180601295413
t[2][3]=51.22499389946279
t[2][4]=38.948684188300895
t[2][5]=28.635642126552707
t[2][6]=33.734255586866
t[2][7]=43.93176527297759
t[2][8]=36.40054944640259
t[2][9]=10.770329614269007
t[2][10]=24.351591323771842
t[2][11]=41.617304093369626
t[2][12]=48.16637831516918
t[2][13]=47.07440918375928
t[2][14]=17.46424919657298
t[2][15]=55.17245689653489
t[2][16]=31.827660925679098
t[2][17]=42.720018726587654
t[2][18]=48.30113870293329
t[2][19]=52.32590180780452
t[2][20]=34.9857113690718
t[2][21]=44.01136216933077
t[2][22]=36.87817782917155
t[2][23]=27.51363298439521
t[2][24]=52.630789467763066
t[2][25]=46.04345773288535
t[2][26]=44.64302857109943
t[2][27]=38.62641583165593
t[2][28]=33.52610922848042
t[2][29]=41.19465984809196
t[2][30]=45.79301256742124
t[2][31]=19.235384061671343
t[2][32]=37.48332962798263
t[2][33]=36.124783736376884
t[2][34]=48.877397639399746
t[2][35]=38.28837943815329
t[2][36]=16.1245154965971
t[2][37]=20.248456731316587
t[2][38]=31.575306807693888
t[2][39]=47.41307836451879
t[2][40]=17.08800749063506
t[2][41]=39.56008088970496
t[2][42]=21.400934559032695
t[2][43]=38.01315561749642
t[2][44]=42.485291572496
t[2][45]=34.058772731852805
t[2][46]=35.510561809129406
t[2][47]=55.31726674375732
t[2][48]=57.0087712549569
t[2][49]=28.792360097775937
t[2][50]=54.405882034941776
t[2][51]=45.89117562233506
t[2][52]=31.32091952673165
t[3][0]=82.60750571225353
t[3][1]=33.60059523282288
t[3][2]=51.22499389946279
t[3][4]=12.529964086141668
t[3][5]=52.3450093132096
t[3][6]=33.015148038438355
t[3][7]=7.615773105863909
t[3][8]=42.2965719651132
t[3][9]=61.61168720299745
t[3][10]=73.0
t[3][11]=92.80086206496145
t[3][12]=68.46897107449476
t[3][13]=83.57032966310472
t[3][14]=49.64876634922564
t[3][15]=8.246211251235321
t[3][16]=20.12461179749811
t[3][17]=93.81364506296512
t[3][18]=97.30878685915265
t[3][19]=77.1621668954417
t[3][20]=65.7875368135941
t[3][21]=48.010415536631214
t[3][22]=83.23460818673925
t[3][23]=49.36598018878993
t[3][24]=11.40175425099138
t[3][25]=34.52535300326414
t[3][26]=91.2633551870629
t[3][27]=54.147945482723536
t[3][28]=30.0
t[3][29]=81.39410298049853
t[3][30]=72.78049189171504
t[3][31]=51.24451190127583
t[3][32]=88.52683209061533
t[3][33]=87.04596486914255
t[3][34]=57.0350769263968
t[3][35]=58.05170109479997
t[3][36]=59.09314681077663
t[3][37]=32.64965543462902
t[3][38]=46.010868281309364
t[3][39]=96.54014708917737
t[3][40]=35.38361202590826
t[3][41]=80.77747210701756
t[3][42]=55.94640292279746
t[3][43]=65.52098900352466
t[3][44]=13.152946437965905
t[3][45]=78.23042886243178
t[3][46]=71.19691004531025
t[3][47]=74.10802925459562
t[3][48]=77.1621668954417
t[3][49]=25.553864678361276
t[3][50]=104.6900186264192
t[3][51]=91.26883367283708
t[3][52]=73.68174807915459
t[4][0]=72.78049189171504
t[4][1]=21.2602916254693
t[4][2]=38.948684188300895
t[4][3]=12.529964086141668
t[4][5]=41.0
t[4][6]=23.08679276123039
t[4][7]=5.0
t[4][8]=36.49657518178932
t[4][9]=49.20365840057018
t[4][10]=61.40032573203501
t[4][11]=80.43009387039157
t[4][12]=62.07253821135398
t[4][13]=74.46475676452586
t[4][14]=37.36308338453881
t[4][15]=16.64331697709324
t[4][16]=7.615773105863909
t[4][17]=81.40024569987489
t[4][18]=85.80209787645055
t[4][19]=66.91038783328041
t[4][20]=57.0701322935211
t[4][21]=43.68065933568311
t[4][22]=72.20110802473879
t[4][23]=38.0
t[4][24]=15.524174696260024
t[4][25]=32.7566787083184
t[4][26]=80.26207074328447
t[4][27]=44.14748010928823
t[4][28]=19.924858845171276
t[4][29]=71.5122367151245
t[4][30]=65.19202405202648
t[4][31]=39.05124837953327
t[4][32]=76.38062581571324
t[4][33]=74.95331880577403
t[4][34]=52.630789467763066
t[4][35]=51.0
t[4][36]=46.61544808322666
t[4][37]=21.470910553583888
t[4][38]=35.35533905932738
t[4][39]=85.0
t[4][40]=23.853720883753127
t[4][41]=68.65857557508748
t[4][42]=45.880278987817846
t[4][43]=57.42821606144492
t[4][44]=11.40175425099138
t[4][45]=67.53517601961218
t[4][46]=59.413803110051795
t[4][47]=68.3593446428504
t[4][48]=71.25307010929424
t[4][49]=16.1245154965971
t[4][50]=92.84934033152847
t[4][51]=80.52949770115296
t[4][52]=61.40032573203501
t[5][0]=34.0
t[5][1]=28.653097563788805
t[5][2]=28.635642126552707
t[5][3]=52.3450093132096
t[5][4]=41.0
t[5][6]=20.248456731316587
t[5][7]=45.09988913511872
t[5][8]=59.20304046246274
t[5][9]=30.066592756745816
t[5][10]=49.16299421312742
t[5][11]=54.62600113499065
t[5][12]=76.02631123499285
t[5][13]=75.28612089887484
t[5][14]=11.180339887498949
t[5][15]=51.92301994298868
t[5][16]=34.132096331752024
t[5][17]=54.56189146281496
t[5][18]=69.72087205421343
t[5][19]=27.313000567495326
t[5][20]=63.52952069707436
t[5][21]=67.62396025078685
t[5][22]=62.12889826803627
t[5][23]=3.0
t[5][24]=47.43416490252569
t[5][25]=64.40496875241847
t[5][26]=69.0
t[5][27]=10.198039027185569
t[5][28]=22.80350850198276
t[5][29]=68.8839603971781
t[5][30]=74.30343195303969
t[5][31]=9.486832980505138
t[5][32]=54.817880294662984
t[5][33]=54.3415126767741
t[5][34]=74.27651041883968
t[5][35]=65.43699259593154
t[5][36]=18.110770276274835
t[5][37]=36.359317925395686
t[5][38]=7.810249675906654
t[5][39]=68.73136110975832
t[5][40]=34.40930106817051
t[5][41]=30.01666203960727
t[5][42]=49.73932046178355
t[5][43]=66.37017402418047
t[5][44]=50.48762224545735
t[5][45]=60.8276253029822
t[5][46]=19.313207915827967
t[5][47]=83.23460818673925
t[5][48]=85.14693182963201
t[5][49]=42.15447781671598
t[5][50]=72.80109889280519
t[5][51]=71.06335201775947
t[5][52]=24.758836806279895
t[6][0]=49.8196748283246
t[6][1]=21.840329667841555
t[6][2]=33.734255586866
t[6][3]=33.015148038438355
t[6][4]=23.08679276123039
t[6][5]=20.248456731316587
t[6][7]=26.30589287593181
t[6][8]=51.31276644267
t[6][9]=40.718546143004666
t[6][10]=57.97413216254298
t[6][11]=70.21395872616783
t[6][12]=73.38937252763509
t[6][13]=79.05694150420949
t[6][14]=22.02271554554524
t[6][15]=31.78049716414141
t[6][16]=18.027756377319946
t[6][17]=70.60453243241541
t[6][18]=81.34494452638098
t[6][19]=44.181444068749045
t[6][20]=63.953107821277925
t[6][21]=59.64059020499378
t[6][22]=70.61161377563892
t[6][23]=17.46424919657298
t[6][24]=27.202941017470888
t[6][25]=52.40229002629561
t[6][26]=78.33900688673555
t[6][27]=21.213203435596427
t[6][28]=3.1622776601683795
t[6][29]=74.06078584514209
t[6][30]=73.97972695272672
t[6][31]=22.627416997969522
t[6][32]=68.47627326307996
t[6][33]=67.53517601961218
t[6][34]=67.7421582177598
t[6][35]=62.03224967708329
t[6][36]=32.64965543462902
t[6][37]=28.635642126552707
t[6][38]=13.152946437965905
t[6][39]=80.4114419718985
t[6][40]=28.460498941515414
t[6][41]=50.08991914547278
t[6][42]=50.35871324805669
t[6][43]=65.73431371817918
t[6][44]=34.0147027033899
t[6][45]=67.60177512462228
t[6][46]=39.56008088970496
t[6][47]=80.4114419718985
t[6][48]=82.87339742040264
t[6][49]=30.479501308256342
t[6][50]=86.31338250816034
t[6][51]=79.62411694957753
t[6][52]=44.10215414239989
t[7][0]=76.11832893594026
t[7][1]=26.248809496813376
t[7][2]=43.93176527297759
t[7][3]=7.615773105863909
t[7][4]=5.0
t[7][5]=45.09988913511872
t[7][6]=26.30589287593181
t[7][8]=39.05124837953327
t[7][9]=54.20332093147061
t[7][10]=66.21933252457322
t[7][11]=85.42833253669417
t[7][12]=65.00769185258002
t[7][13]=78.44743462982075
t[7][14]=42.05948168962618
t[7][15]=12.083045973594572
t[7][16]=12.529964086141668
t[7][17]=86.40023148117139
t[7][18]=90.60353193998566
t[7][19]=70.45565981523414
t[7][20]=60.876925020897694
t[7][21]=45.70557952810576
t[7][22]=76.8505042273634
t[7][23]=42.1070065428546
t[7][24]=12.0
t[7][25]=33.61547262794322
t[7][26]=84.90583018850944
t[7][27]=47.51841748206689
t[7][28]=23.194827009486403
t[7][29]=75.76938695805846
t[7][30]=68.59300255857006
t[7][31]=43.68065933568311
t[7][32]=81.34494452638098
t[7][33]=79.90619500389191
t[7][34]=54.74486277268398
t[7][35]=54.147945482723536
t[7][36]=51.478150704935004
t[7][37]=26.076809620810597
t[7][38]=39.05124837953327
t[7][39]=89.81091247727082
t[7][40]=28.600699292150182
t[7][41]=73.24616030891995
t[7][42]=50.15974481593781
t[7][43]=61.0
t[7][44]=11.180339887498949
t[7][45]=72.069410986909
t[7][46]=63.788713735268246
t[7][47]=71.06335201775947
t[7][48]=74.02702209328699
t[7][49]=19.924858845171276
t[7][50]=97.74456506629922
t[7][51]=85.0881895447306
t[7][52]=66.09841147864296
t[8][0]=92.91393867445294
t[8][1]=31.11269837220809
t[8][2]=36.40054944640259
t[8][3]=42.2965719651132
t[8][4]=36.49657518178932
t[8][5]=59.20304046246274
t[8][6]=51.31276644267
t[8][7]=39.05124837953327
t[8][9]=45.39823785126467
t[8][10]=44.9221548904324
t[8][11]=70.40596565632774
t[8][12]=26.1725046566048
t[8][13]=43.829214001622255
t[8][14]=49.39635614091387
t[8][15]=50.08991914547278
t[8][16]=35.4682957019364
t[8][17]=72.18032973047436
t[8][18]=65.86349520030045
t[8][19]=85.98255637046388
t[8][20]=26.248809496813376
t[8][21]=8.48528137423857
t[8][22]=50.24937810560445
t[8][23]=56.85068161420758
t[8][24]=51.03920062069938
t[8][25]=13.601470508735444
t[8][26]=57.42821606144492
t[8][27]=67.20863039818622
t[8][28]=48.877397639399746
t[8][29]=43.840620433565945
t[8][30]=31.016124838541646
t[8][31]=51.62363799656123
t[8][32]=63.324560795950255
t[8][33]=61.40032573203501
t[8][34]=16.55294535724685
t[8][35]=16.15549442140351
t[8][36]=52.20153254455275
t[8][37]=23.345235059857504
t[8][38]=57.982756057296896
t[8][39]=65.36818798161687
t[8][40]=24.839484696748443
t[8][41]=75.96051605933177
t[8][42]=23.08679276123039
t[8][43]=24.698178070456937
t[8][44]=29.154759474226502
t[8][45]=44.10215414239989
t[8][46]=71.17583859709698
t[8][47]=32.01562118716424
t[8][48]=35.0
t[8][49]=21.540659228538015
t[8][50]=75.13321502504735
t[8][51]=56.22277118748239
t[8][52]=67.72001181334805
t[9][0]=56.0357029044876
t[9][1]=28.0178514522438
t[9][2]=10.770329614269007
t[9][3]=61.61168720299745
t[9][4]=49.20365840057018
t[9][5]=30.066592756745816
t[9][6]=40.718546143004666
t[9][7]=54.20332093147061
t[9][8]=45.39823785126467
t[9][10]=19.1049731745428
t[9][11]=31.240998703626616
t[9][12]=52.80151512977634
t[9][13]=46.51881339845203
t[9][14]=20.223748416156685
t[9][15]=65.11528238439882
t[9][16]=41.86884283091664
t[9][17]=32.202484376209235
t[9][18]=40.80441152620633
t[9][19]=49.09175083453431
t[9][20]=38.2099463490856
t[9][21]=52.392747589718944
t[9][22]=32.0624390837628
t[9][23]=30.01666203960727
t[9][24]=62.24146527838174
t[9][25]=56.0357029044876
t[9][26]=39.05124837953327
t[9][27]=40.19950248448356
t[9][28]=41.182520563948
t[9][29]=39.56008088970496
t[9][30]=48.79549159502341
t[9][31]=21.02379604162864
t[9][32]=28.0178514522438
t[9][33]=26.92582403567252
t[9][34]=56.08029957123981
t[9][35]=44.294469180700204
t[9][36]=12.649110640673518
t[9][37]=31.016124838541646
t[9][38]=35.22782990761707
t[9][39]=39.84971769034255
t[9][40]=27.85677655436824
t[9][41]=31.76476034853718
t[9][42]=26.419689627245813
t[9][43]=41.86884283091664
t[9][44]=53.225933528685054
t[9][45]=31.04834939252005
t[9][46]=30.479501308256342
t[9][47]=59.665735560705194
t[9][48]=60.876925020897694
t[9][49]=39.56008088970496
t[9][50]=45.65084884205331
t[9][51]=41.012193308819754
t[9][52]=23.853720883753127
t[10][0]=73.35529974037323
t[10][1]=40.8166632639171
t[10][2]=24.351591323771842
t[10][3]=73.0
t[10][4]=61.40032573203501
t[10][5]=49.16299421312742
t[10][6]=57.97413216254298
t[10][7]=66.21933252457322
t[10][8]=44.9221548904324
t[10][9]=19.1049731745428
t[10][11]=26.019223662515376
t[10][12]=42.05948168962618
t[10][13]=29.206163733020468
t[10][14]=39.01281840626232
t[10][15]=78.00640999302557
t[10][16]=54.91812087098393
t[10][17]=28.0
t[10][18]=24.413111231467404
t[10][19]=66.64082832618455
t[10][20]=26.92582403567252
t[10][21]=49.49747468305833
t[10][22]=13.0
t[10][23]=49.01020301937138
t[10][24]=76.00657866263946
t[10][25]=57.9396237474839
t[10][26]=20.396078054371138
t[10][27]=59.30430001273095
t[10][28]=57.87054518492115
t[10][29]=21.633307652783937
t[10][30]=35.77708763999664
t[10][31]=40.01249804748511
t[10][32]=18.439088914585774
t[10][33]=16.492422502470642
t[10][34]=50.039984012787215
t[10][35]=37.05401462729781
t[10][36]=31.575306807693888
t[10][37]=40.36087214122113
t[10][38]=54.037024344425184
t[10][39]=23.600847442411894
t[10][40]=37.64306044943742
t[10][41]=45.34313619501854
t[10][42]=21.840329667841555
t[10][43]=31.04834939252005
t[10][44]=62.289646009589745
t[10][45]=12.529964086141668
t[10][46]=47.41307836451879
t[10][47]=47.92702786528704
t[10][48]=48.30113870293329
t[10][49]=48.104053883222775
t[10][50]=31.89043743820395
t[10][51]=22.02271554554524
t[10][52]=38.8329756778952
t[11][0]=66.48308055437865
t[11][1]=59.20304046246274
t[11][2]=41.617304093369626
t[11][3]=92.80086206496145
t[11][4]=80.43009387039157
t[11][5]=54.62600113499065
t[11][6]=70.21395872616783
t[11][7]=85.42833253669417
t[11][8]=70.40596565632774
t[11][9]=31.240998703626616
t[11][10]=26.019223662515376
t[11][12]=67.08203932499369
t[11][13]=49.193495504995376
t[11][14]=48.25971404805462
t[11][15]=96.33275663033837
t[11][16]=73.10950690573696
t[11][17]=2.23606797749979
t[11][18]=22.47220505424423
t[11][19]=61.07372593840988
t[11][20]=52.3450093132096
t[11][21]=75.4254598925323
t[11][22]=28.635642126552707
t[11][23]=55.90169943749474
t[11][24]=93.34880824091971
t[11][25]=82.96987405076617
t[11][26]=29.068883707497267
t[11][27]=63.245553203367585
t[11][28]=71.21797525905943
t[11][29]=41.6293165929973
t[11][30]=59.90826320300064
t[11][31]=48.02082881417188
t[11][32]=8.54400374531753
t[11][33]=10.44030650891055
t[11][34]=76.00657866263946
t[11][35]=63.00793600809346
t[11][36]=37.73592452822641
t[11][37]=61.40032573203501
t[11][38]=61.71709649683789
t[11][39]=21.633307652783937
t[11][40]=58.309518948453004
t[11][41]=35.22782990761707
t[11][42]=47.51841748206689
t[11][43]=56.43580423808985
t[11][44]=83.86298349093002
t[11][45]=33.52610922848042
t[11][46]=43.18564576337837
t[11][47]=72.27724399837061
t[11][48]=72.12489168102785
t[11][49]=69.83552104767315
t[11][50]=20.09975124224178
t[11][51]=32.64965543462902
t[11][52]=33.24154027718932
t[12][0]=107.5174404457249
t[12][1]=51.62363799656123
t[12][2]=48.16637831516918
t[12][3]=68.46897107449476
t[12][4]=62.07253821135398
t[12][5]=76.02631123499285
t[12][6]=73.38937252763509
t[12][7]=65.00769185258002
t[12][8]=26.1725046566048
t[12][9]=52.80151512977634
t[12][10]=42.05948168962618
t[12][11]=67.08203932499369
t[12][13]=24.166091947189145
t[12][14]=65.0
t[12][15]=76.23647421018367
t[12][16]=59.841457201508724
t[12][17]=69.2314957226839
t[12][18]=54.45181356024793
t[12][19]=100.44899203078147
t[12][20]=15.231546211727817
t[12][21]=21.93171219946131
t[12][22]=40.0
t[12][23]=74.33034373659252
t[12][24]=77.00649323271382
t[12][25]=36.76955262170047
t[12][26]=44.553338819890925
t[12][27]=85.44003745317531
t[12][28]=71.47027354082255
t[12][29]=28.442925306655784
t[12][30]=8.54400374531753
t[12][31]=67.00746227100382
t[12][32]=58.69412236331676
t[12][33]=56.71860364994893
t[12][34]=14.866068747318506
t[12][35]=11.40175425099138
t[12][36]=63.655321851358195
t[12][37]=44.9221548904324
t[12][38]=77.02596964660685
t[12][39]=54.3323108288245
t[12][40]=44.94441010848846
t[12][41]=84.31488599292535
t[12][42]=26.870057685088806
t[12][43]=11.180339887498949
t[12][44]=55.326304774492215
t[12][45]=34.058772731852805
t[12][46]=82.87943049997388
t[12][47]=7.211102550927978
t[12][48]=9.486832980505138
t[12][49]=46.2709412050371
t[12][50]=64.4980619863884
t[12][51]=41.97618372363071
t[12][52]=76.60939890117922
t[13][0]=102.2154587134451
t[13][1]=58.077534382926416
t[13][2]=47.07440918375928
t[13][3]=83.57032966310472
t[13][4]=74.46475676452586
t[13][5]=75.28612089887484
t[13][6]=79.05694150420949
t[13][7]=78.44743462982075
t[13][8]=43.829214001622255
t[13][9]=46.51881339845203
t[13][10]=29.206163733020468
t[13][11]=49.193495504995376
t[13][12]=24.166091947189145
t[13][14]=64.28841264178172
t[13][15]=90.44335243676011
t[13][16]=70.03570517957252
t[13][17]=51.42956348249516
t[13][18]=32.14031735997639
t[13][19]=95.38343671728336
t[13][20]=17.88854381999832
t[13][21]=43.139309220245984
t[13][22]=20.591260281974
t[13][23]=74.46475676452586
t[13][24]=89.98888820293314
t[13][25]=56.85068161420758
t[13][26]=22.20360331117452
t[13][27]=85.44003745317531
t[13][28]=78.0
t[13][29]=7.810249675906654
t[13][30]=15.652475842498529
t[13][31]=65.80273550544841
t[13][32]=40.70626487409524
t[13][33]=38.948684188300895
t[13][34]=38.27531841800928
t[13][35]=28.319604517012593
t[13][36]=59.09314681077663
t[13][37]=53.75872022286245
t[13][38]=78.64477096412705
t[13][39]=32.2490309931942
t[13][40]=52.3450093132096
t[13][41]=74.51845409024533
t[13][42]=29.154759474226502
t[13][43]=19.209372712298546
t[13][44]=70.77428911688199
t[13][45]=16.97056274847714
t[13][46]=76.32168761236873
t[13][47]=26.30589287593181
t[13][48]=25.019992006393608
t[13][49]=58.52349955359813
t[13][50]=42.04759208325728
t[13][51]=19.026297590440446
t[13][52]=68.00735254367721
t[14][0]=43.60045871318328
t[14][1]=20.396078054371138
t[14][2]=17.46424919657298
t[14][3]=49.64876634922564
t[14][4]=37.36308338453881
t[14][5]=11.180339887498949
t[14][6]=22.02271554554524
t[14][7]=42.05948168962618
t[14][8]=49.39635614091387
t[14][9]=20.223748416156685
t[14][10]=39.01281840626232
t[14][11]=48.25971404805462
t[14][12]=65.0
t[14][13]=64.28841264178172
t[14][15]=51.0
t[14][16]=29.832867780352597
t[14][17]=48.60041152089147
t[14][18]=60.876925020897694
t[14][19]=36.61966684720111
t[14][20]=52.354560450833695
t[14][21]=57.688820407423826
t[14][22]=52.009614495783374
t[14][23]=10.198039027185569
t[14][24]=47.16990566028302
t[14][25]=55.97320787662612
t[14][26]=59.21148537234985
t[14][27]=21.18962010041709
t[14][28]=23.345235059857504
t[14][29]=58.05170109479997
t[14][30]=63.13477647065839
t[14][31]=2.23606797749979
t[14][32]=47.01063709417264
t[14][33]=46.238512086787566
t[14][34]=63.89053137985315
t[14][35]=54.56189146281496
t[14][36]=10.63014581273465
t[14][37]=27.51363298439521
t[14][38]=15.033296378372908
t[14][39]=59.90826320300064
t[14][40]=25.079872407968907
t[14][41]=31.400636936215164
t[14][42]=38.58756276314948
t[14][43]=55.226805085936306
t[14][44]=45.09988913511872
t[14][45]=50.24937810560445
t[14][46]=23.194827009486403
t[14][47]=72.20110802473879
t[14][48]=74.06078584514209
t[14][49]=34.52535300326414
t[14][50]=65.0
t[14][51]=61.032778078668514
t[14][52]=24.041630560342615
t[15][0]=80.02499609497022
t[15][1]=37.53664875824692
t[15][2]=55.17245689653489
t[15][3]=8.246211251235321
t[15][4]=16.64331697709324
t[15][5]=51.92301994298868
t[15][6]=31.78049716414141
t[15][7]=12.083045973594572
t[15][8]=50.08991914547278
t[15][9]=65.11528238439882
t[15][10]=78.00640999302557
t[15][11]=96.33275663033837
t[15][12]=76.23647421018367
t[15][13]=90.44335243676011
t[15][14]=51.0
t[15][16]=23.345235059857504
t[15][17]=97.18538984847466
t[15][18]=102.41581909060729
t[15][19]=75.05997601918082
t[15][20]=72.80109889280519
t[15][21]=56.08029957123981
t[15][22]=88.83692925805124
t[15][23]=49.040799340956916
t[15][24]=5.0990195135927845
t[15][25]=42.7551166528639
t[15][26]=96.89685237405806
t[15][27]=52.15361924162119
t[15][28]=29.120439557122072
t[15][29]=87.84645695758026
t[15][30]=80.23091673413684
t[15][31]=52.32590180780452
t[15][32]=92.65527507918802
t[15][33]=91.28526715741155
t[15][34]=65.12296062065974
t[15][35]=65.62011886609167
t[15][36]=61.05735008989499
t[15][37]=38.07886552931954
t[15][38]=44.91102314577124
t[15][39]=101.6070863670443
t[15][40]=40.496913462633174
t[15][41]=81.34494452638098
t[15][42]=62.24146527838174
t[15][43]=72.78049189171504
t[15][44]=21.0
t[15][45]=84.11896337925236
t[15][46]=71.16881339463234
t[15][47]=82.02438661763951
t[15][48]=85.05292469985967
t[15][49]=31.953090617340916
t[15][50]=109.34349546269316
t[15][51]=97.12878049270464
t[15][52]=74.73285756613352
t[16][0]=66.76076692189807
t[16][1]=14.212670403551895
t[16][2]=31.827660925679098
t[16][3]=20.12461179749811
t[16][4]=7.615773105863909
t[16][5]=34.132096331752024
t[16][6]=18.027756377319946
t[16][7]=12.529964086141668
t[16][8]=35.4682957019364
t[16][9]=41.86884283091664
t[16][10]=54.91812087098393
t[16][11]=73.10950690573696
t[16][12]=59.841457201508724
t[16][13]=70.03570517957252
t[16][14]=29.832867780352597
t[16][15]=23.345235059857504
t[16][17]=74.02702209328699
t[16][18]=79.32212806020776
t[16][19]=60.63827174318213
t[16][20]=53.150729063673246
t[16][21]=43.382023926967726
t[16][22]=66.18912297349165
t[16][23]=31.144823004794873
t[16][24]=21.095023109728988
t[16][25]=34.655446902326915
t[16][26]=74.24284477308234
t[16][27]=38.27531841800928
t[16][28]=15.0
t[16][29]=66.48308055437865
t[16][30]=62.03224967708329
t[16][31]=31.575306807693888
t[16][32]=69.31089380465383
t[16][33]=67.94115100585212
t[16][34]=52.0
t[16][35]=48.507731342539614
t[16][36]=39.0
t[16][37]=16.278820596099706
t[16][38]=29.120439557122072
t[16][39]=78.49203781276162
t[16][40]=18.027756377319946
t[16][41]=61.18823416311342
t[16][42]=41.0
t[16][43]=54.0
t[16][44]=16.492422502470642
t[16][45]=61.84658438426491
t[16][46]=52.15361924162119
t[16][47]=66.49060083951716
t[16][48]=69.2314957226839
t[16][49]=13.92838827718412
t[16][50]=86.05230967266364
t[16][51]=74.73285756613352
t[16][52]=53.85164807134504
t[17][0]=65.27633568147036
t[17][1]=60.21627686929839
t[17][2]=42.720018726587654
t[17][3]=93.81364506296512
t[17][4]=81.40024569987489
t[17][5]=54.56189146281496
t[17][6]=70.60453243241541
t[17][7]=86.40023148117139
t[17][8]=72.18032973047436
t[17][9]=32.202484376209235
t[17][10]=28.0
t[17][11]=2.23606797749979
t[17][12]=69.2314957226839
t[17][13]=51.42956348249516
t[17][14]=48.60041152089147
t[17][15]=97.18538984847466
t[17][16]=74.02702209328699
t[17][18]=24.413111231467404
t[17][19]=60.00833275470999
t[17][20]=54.45181356024793
t[17][21]=77.31752712031083
t[17][22]=30.870698080866262
t[17][23]=55.94640292279746
t[17][24]=94.11163583744573
t[17][25]=84.64632301523794
t[17][26]=31.240998703626616
t[17][27]=62.96824596572466
t[17][28]=71.7007670809734
t[17][29]=43.86342439892262
t[17][30]=62.0966987850401
t[17][31]=48.25971404805462
t[17][32]=10.770329614269007
t[17][33]=12.649110640673518
t[17][34]=78.02563681252464
t[17][35]=65.03076195155643
t[17][36]=38.01315561749642
t[17][37]=62.64982043070834
t[17][38]=61.773780845922005
t[17][39]=23.600847442411894
t[17][40]=59.53990258641679
t[17][41]=34.058772731852805
t[17][42]=49.36598018878993
t[17][43]=58.54912467321779
t[17][44]=85.0881895447306
t[17][45]=35.73513677041127
t[17][46]=42.42640687119285
t[17][47]=74.46475676452586
t[17][48]=74.33034373659252
t[17][49]=71.11961754677819
t[17][50]=21.37755832643195
t[17][51]=34.828149534535996
t[17][52]=32.55764119219941
t[18][0]=87.32124598286491
t[18][1]=65.19202405202648
t[18][2]=48.30113870293329
t[18][3]=97.30878685915265
t[18][4]=85.80209787645055
t[18][5]=69.72087205421343
t[18][6]=81.34494452638098
t[18][7]=90.60353193998566
t[18][8]=65.86349520030045
t[18][9]=40.80441152620633
t[18][10]=24.413111231467404
t[18][11]=22.47220505424423
t[18][12]=54.45181356024793
t[18][13]=32.14031735997639
t[18][14]=60.876925020897694
t[18][15]=102.41581909060729
t[18][16]=79.32212806020776
t[18][17]=24.413111231467404
t[18][19]=81.39410298049853
t[18][20]=42.05948168962618
t[18][21]=68.54195795277518
t[18][22]=15.652475842498529
t[18][23]=70.21395872616783
t[18][24]=100.40418317978589
t[18][25]=79.40403012442127
t[18][26]=10.0
t[18][27]=79.40403012442127
t[18][28]=81.54140052758476
t[18][29]=26.076809620810597
t[18][30]=46.17358552246078
t[18][31]=61.39218191268331
t[18][32]=16.492422502470642
t[18][33]=16.1245154965971
t[18][34]=66.48308055437865
t[18][35]=54.08326913195984
t[18][36]=51.62363799656123
t[18][37]=64.66065264130884
t[18][38]=75.7099729229908
t[18][39]=1.0
t[18][40]=62.00806399170998
t[18][41]=56.32051136131489
t[18][42]=43.60045871318328
t[18][43]=45.60701700396552
t[18][44]=86.27861844049197
t[18][45]=21.93171219946131
t[18][46]=62.51399843235114
t[18][47]=58.008620049092706
t[18][48]=57.0350769263968
t[18][49]=72.18032973047436
t[18][50]=10.04987562112089
t[18][51]=13.152946437965905
t[18][52]=52.61178575186362
t[19][0]=7.0710678118654755
t[19][1]=55.90169943749474
t[19][2]=52.32590180780452
t[19][3]=77.1621668954417
t[19][4]=66.91038783328041
t[19][5]=27.313000567495326
t[19][6]=44.181444068749045
t[19][7]=70.45565981523414
t[19][8]=85.98255637046388
t[19][9]=49.09175083453431
t[19][10]=66.64082832618455
t[19][11]=61.07372593840988
t[19][12]=100.44899203078147
t[19][13]=95.38343671728336
t[19][14]=36.61966684720111
t[19][15]=75.05997601918082
t[19][16]=60.63827174318213
t[19][17]=60.00833275470999
t[19][18]=81.39410298049853
t[19][20]=86.68333173107735
t[19][21]=94.30270409696638
t[19][22]=78.54934754662193
t[19][23]=30.083217912982647
t[19][24]=70.11419257183242
t[19][25]=91.706052144883
t[19][26]=83.81527307120105
t[19][27]=23.021728866442675
t[19][28]=47.265209192385896
t[19][29]=88.11923740024082
t[19][30]=97.45255255764212
t[19][31]=34.40930106817051
t[19][32]=64.93843238021688
t[19][33]=65.30696746902278
t[19][34]=100.42410069301094
t[19][35]=90.55385138137417
t[19][36]=37.013511046643494
t[19][37]=63.52952069707436
t[19][38]=31.575306807693888
t[19][39]=80.4114419718985
t[19][40]=61.40032573203501
t[19][41]=26.019223662515376
t[19][42]=73.59347797189639
t[19][43]=90.02777349240623
t[19][44]=77.12976079309465
t[19][45]=79.1580697086532
t[19][46]=19.313207915827967
t[19][47]=107.56393447619885
t[19][48]=109.12378292562992
t[19][49]=69.46221994724903
t[19][50]=81.15417426109393
t[19][51]=86.64871608973787
t[19][52]=28.861739379323623
t[20][0]=93.72299611087985
t[20][1]=42.2965719651132
t[20][2]=34.9857113690718
t[20][3]=65.7875368135941
t[20][4]=57.0701322935211
t[20][5]=63.52952069707436
t[20][6]=63.953107821277925
t[20][7]=60.876925020897694
t[20][8]=26.248809496813376
t[20][9]=38.2099463490856
t[20][10]=26.92582403567252
t[20][11]=52.3450093132096
t[20][12]=15.231546211727817
t[20][13]=17.88854381999832
t[20][14]=52.354560450833695
t[20][15]=72.80109889280519
t[20][16]=53.150729063673246
t[20][17]=54.45181356024793
t[20][18]=42.05948168962618
t[20][19]=86.68333173107735
t[20][21]=26.92582403567252
t[20][22]=26.68332812825267
t[20][23]=62.16912416947821
t[20][24]=72.56721022610694
t[20][25]=39.59797974644666
t[20][26]=32.69556544854363
t[20][27]=73.348483283569
t[20][28]=62.51399843235114
t[20][29]=17.804493814764857
t[20][30]=10.816653826391969
t[20][31]=54.20332093147061
t[20][32]=44.10215414239989
t[20][33]=42.1070065428546
t[20][34]=24.515301344262525
t[20][35]=12.083045973594572
t[20][36]=49.678969393496885
t[20][37]=37.013511046643494
t[20][38]=65.55150646628954
t[20][39]=41.7612260356422
t[20][40]=36.05551275463989
t[20][41]=69.40461079784254
t[20][42]=13.92838827718412
t[20][43]=4.123105625617661
t[20][44]=52.92447448959697
t[20][45]=20.396078054371138
t[20][46]=68.59300255857006
t[20][47]=21.633307652783937
t[20][48]=22.67156809750927
t[20][49]=41.0
t[20][50]=51.92301994298868
t[20][51]=30.886890422961002
t[20][52]=61.84658438426491
t[21][0]=101.25709851659784
t[21][1]=39.59797974644666
t[21][2]=44.01136216933077
t[21][3]=48.010415536631214
t[21][4]=43.68065933568311
t[21][5]=67.62396025078685
t[21][6]=59.64059020499378
t[21][7]=45.70557952810576
t[21][8]=8.48528137423857
t[21][9]=52.392747589718944
t[21][10]=49.49747468305833
t[21][11]=75.4254598925323
t[21][12]=21.93171219946131
t[21][13]=43.139309220245984
t[21][14]=57.688820407423826
t[21][15]=56.08029957123981
t[21][16]=43.382023926967726
t[21][17]=77.31752712031083
t[21][18]=68.54195795277518
t[21][19]=94.30270409696638
t[21][20]=26.92582403567252
t[21][22]=52.92447448959697
t[21][23]=65.29931086925804
t[21][24]=57.55866572463264
t[21][25]=14.866068747318506
t[21][26]=59.481089431852205
t[21][27]=75.69015788066504
t[21][28]=57.14017850864661
t[21][29]=44.654227123532216
t[21][30]=28.600699292150182
t[21][31]=59.90826320300064
t[21][32]=67.89698078707183
t[21][33]=65.92419889539804
t[21][34]=9.055385138137417
t[21][35]=15.0
t[21][36]=60.00833275470999
t[21][37]=31.827660925679098
t[21][38]=66.46803743153546
t[21][39]=68.15423684555495
t[21][40]=33.301651610693426
t[21][41]=83.48652585896721
t[21][42]=28.0178514522438
t[21][43]=24.20743687382041
t[21][44]=35.12833614050059
t[21][45]=46.61544808322666
t[21][46]=79.1580697086532
t[21][47]=26.476404589747453
t[21][48]=29.614185789921695
t[21][49]=29.5296461204668
t[21][50]=78.18567643756751
t[21][51]=57.8013840664737
t[21][52]=75.27283706623525
t[22][0]=85.0881895447306
t[22][1]=52.392747589718944
t[22][2]=36.87817782917155
t[22][3]=83.23460818673925
t[22][4]=72.20110802473879
t[22][5]=62.12889826803627
t[22][6]=70.61161377563892
t[22][7]=76.8505042273634
t[22][8]=50.24937810560445
t[22][9]=32.0624390837628
t[22][10]=13.0
t[22][11]=28.635642126552707
t[22][12]=40.0
t[22][13]=20.591260281974
t[22][14]=52.009614495783374
t[22][15]=88.83692925805124
t[22][16]=66.18912297349165
t[22][17]=30.870698080866262
t[22][18]=15.652475842498529
t[22][19]=78.54934754662193
t[22][20]=26.68332812825267
t[22][21]=52.92447448959697
t[22][23]=62.00806399170998
t[22][24]=87.23531395025755
t[22][25]=63.812224534175265
t[22][26]=8.06225774829855
t[22][27]=72.24956747275377
t[22][28]=70.3420215802759
t[22][29]=13.0
t[22][30]=32.14031735997639
t[22][31]=53.009433122794285
t[22][32]=20.12461179749811
t[22][33]=18.35755975068582
t[22][34]=51.19570294468082
t[22][35]=38.600518131237564
t[22][36]=44.40720662234904
t[22][37]=50.774009099144415
t[22][38]=67.02984409947557
t[22][39]=15.231546211727817
t[22][40]=48.373546489791295
t[22][41]=55.758407437802596
t[22][42]=28.319604517012593
t[22][43]=30.4138126514911
t[22][44]=71.7007670809734
t[22][45]=6.324555320336759
t[22][46]=59.23681287847955
t[22][47]=44.40720662234904
t[22][48]=43.93176527297759
t[22][49]=57.8013840664737
t[22][50]=25.298221281347036
t[22][51]=9.055385138137417
t[22][52]=50.08991914547278
t[23][0]=36.6742416417845
t[23][1]=26.076809620810597
t[23][2]=27.51363298439521
t[23][3]=49.36598018878993
t[23][4]=38.0
t[23][5]=3.0
t[23][6]=17.46424919657298
t[23][7]=42.1070065428546
t[23][8]=56.85068161420758
t[23][9]=30.01666203960727
t[23][10]=49.01020301937138
t[23][11]=55.90169943749474
t[23][12]=74.33034373659252
t[23][13]=74.46475676452586
t[23][14]=10.198039027185569
t[23][15]=49.040799340956916
t[23][16]=31.144823004794873
t[23][17]=55.94640292279746
t[23][18]=70.21395872616783
t[23][19]=30.083217912982647
t[23][20]=62.16912416947821
t[23][21]=65.29931086925804
t[23][22]=62.00806399170998
t[23][24]=44.598206241955516
t[23][25]=61.71709649683789
t[23][26]=69.06518659932803
t[23][27]=11.180339887498949
t[23][28]=19.924858845171276
t[23][29]=68.24954212300622
t[23][30]=72.89718787443039
t[23][31]=9.0
t[23][32]=55.65968020030299
t[23][33]=55.08175741568164
t[23][34]=72.12489168102785
t[23][35]=63.60031446463138
t[23][36]=18.681541692269406
t[23][37]=33.83784863137726
t[23][38]=5.830951894845301
t[23][39]=69.2314957226839
t[23][40]=32.01562118716424
t[23][41]=32.64965543462902
t[23][42]=48.30113870293329
t[23][43]=64.88451279003334
t[23][44]=47.51841748206689
t[23][45]=60.40695324215582
t[23][46]=22.135943621178654
t[23][47]=81.54140052758476
t[23][48]=83.52843827104634
t[23][49]=39.395431207184416
t[23][50]=73.68174807915459
t[23][51]=71.0
t[23][52]=27.018512172212592
t[24][0]=75.0066663703967
t[24][1]=35.22782990761707
t[24][2]=52.630789467763066
t[24][3]=11.40175425099138
t[24][4]=15.524174696260024
t[24][5]=47.43416490252569
t[24][6]=27.202941017470888
t[24][7]=12.0
t[24][8]=51.03920062069938
t[24][9]=62.24146527838174
t[24][10]=76.00657866263946
t[24][11]=93.34880824091971
t[24][12]=77.00649323271382
t[24][13]=89.98888820293314
t[24][14]=47.16990566028302
t[24][15]=5.0990195135927845
t[24][16]=21.095023109728988
t[24][17]=94.11163583744573
t[24][18]=100.40418317978589
t[24][19]=70.11419257183242
t[24][20]=72.56721022610694
t[24][21]=57.55866572463264
t[24][22]=87.23531395025755
t[24][23]=44.598206241955516
t[24][25]=44.9221548904324
t[24][26]=95.29428104561154
t[24][27]=47.265209192385896
t[24][28]=24.698178070456937
t[24][29]=86.97700845625813
t[24][30]=80.50465825031493
t[24][31]=48.373546489791295
t[24][32]=90.02777349240623
t[24][33]=88.72992730753249
t[24][34]=66.61080993352356
t[24][35]=66.12110101926616
t[24][36]=57.42821606144492
t[24][37]=36.76955262170047
t[24][38]=40.26164427839479
t[24][39]=99.56907150315303
t[24][40]=38.91015291668744
t[24][41]=77.07788269017254
t[24][42]=61.35144660071187
t[24][43]=72.83543093852057
t[24][44]=22.561028345356956
t[24][45]=82.76472678623425
t[24][46]=66.73080248281148
t[24][47]=83.05419917138447
t[24][48]=86.02325267042627
t[24][49]=31.575306807693888
t[24][50]=107.00467279516349
t[24][51]=95.70788891204319
t[24][52]=70.66116330771806
t[25][0]=98.38699100999075
t[25][1]=35.84689665786984
t[25][2]=46.04345773288535
t[25][3]=34.52535300326414
t[25][4]=32.7566787083184
t[25][5]=64.40496875241847
t[25][6]=52.40229002629561
t[25][7]=33.61547262794322
t[25][8]=13.601470508735444
t[25][9]=56.0357029044876
t[25][10]=57.9396237474839
t[25][11]=82.96987405076617
t[25][12]=36.76955262170047
t[25][13]=56.85068161420758
t[25][14]=55.97320787662612
t[25][15]=42.7551166528639
t[25][16]=34.655446902326915
t[25][17]=84.64632301523794
t[25][18]=79.40403012442127
t[25][19]=91.706052144883
t[25][20]=39.59797974644666
t[25][21]=14.866068747318506
t[25][22]=63.812224534175265
t[25][23]=61.71709649683789
t[25][24]=44.9221548904324
t[25][26]=71.02816342831905
t[25][27]=71.02112361825881
t[25][28]=49.51767361255979
t[25][29]=57.3149195236284
t[25][30]=43.04648650006177
t[25][31]=58.18934610390462
t[25][32]=76.21679604916491
t[25][33]=74.33034373659252
t[25][34]=23.345235059857504
t[25][35]=28.600699292150182
t[25][36]=60.8276253029822
t[25][37]=28.460498941515414
t[25][38]=61.587336360651285
t[25][39]=78.89233169326408
t[25][40]=31.04834939252005
t[25][41]=85.0
t[25][42]=36.24913792078372
t[25][43]=37.64306044943742
t[25][44]=22.47220505424423
t[25][45]=57.688820407423826
t[25][46]=78.84795495128583
t[25][47]=41.23105625617661
t[25][48]=44.384682042344295
t[25][49]=22.47220505424423
t[25][50]=88.58893836140041
t[25][51]=69.81403870282824
t[25][52]=76.79192665899195
t[26][0]=90.13878188659973
t[26][1]=60.41522986797286
t[26][2]=44.64302857109943
t[26][3]=91.2633551870629
t[26][4]=80.26207074328447
t[26][5]=69.0
t[26][6]=78.33900688673555
t[26][7]=84.90583018850944
t[26][8]=57.42821606144492
t[26][9]=39.05124837953327
t[26][10]=20.396078054371138
t[26][11]=29.068883707497267
t[26][12]=44.553338819890925
t[26][13]=22.20360331117452
t[26][14]=59.21148537234985
t[26][15]=96.89685237405806
t[26][16]=74.24284477308234
t[26][17]=31.240998703626616
t[26][18]=10.0
t[26][19]=83.81527307120105
t[26][20]=32.69556544854363
t[26][21]=59.481089431852205
t[26][22]=8.06225774829855
t[26][23]=69.06518659932803
t[26][24]=95.29428104561154
t[26][25]=71.02816342831905
t[26][27]=79.02531240052139
t[26][28]=78.16009211867653
t[26][29]=16.1245154965971
t[26][30]=36.22154055254967
t[26][31]=60.07495318350236
t[26][32]=21.2602916254693
t[26][33]=20.0
t[26][34]=56.92099788303083
t[26][35]=44.77722635447622
t[26][36]=51.03920062069938
t[26][37]=58.83026432033091
t[26][38]=74.24284477308234
t[26][39]=10.04987562112089
t[26][40]=56.43580423808985
t[26][41]=59.93329625508679
t[26][42]=36.069377593742864
t[26][43]=36.05551275463989
t[26][44]=79.64923100695951
t[26][45]=13.45362404707371
t[26][46]=64.5600495662759
t[26][47]=48.010415536631214
t[26][48]=47.042533945356304
t[26][49]=65.80273550544841
t[26][50]=20.024984394500787
t[26][51]=3.605551275463989
t[26][52]=55.02726596879042
t[27][0]=28.635642126552707
t[27][1]=36.124783736376884
t[27][2]=38.62641583165593
t[27][3]=54.147945482723536
t[27][4]=44.14748010928823
t[27][5]=10.198039027185569
t[27][6]=21.213203435596427
t[27][7]=47.51841748206689
t[27][8]=67.20863039818622
t[27][9]=40.19950248448356
t[27][10]=59.30430001273095
t[27][11]=63.245553203367585
t[27][12]=85.44003745317531
t[27][13]=85.44003745317531
t[27][14]=21.18962010041709
t[27][15]=52.15361924162119
t[27][16]=38.27531841800928
t[27][17]=62.96824596572466
t[27][18]=79.40403012442127
t[27][19]=23.021728866442675
t[27][20]=73.348483283569
t[27][21]=75.69015788066504
t[27][22]=72.24956747275377
t[27][23]=11.180339887498949
t[27][24]=47.265209192385896
t[27][25]=71.02112361825881
t[27][26]=79.02531240052139
t[27][28]=24.331050121192877
t[27][29]=79.07591289387686
t[27][30]=84.07734534343957
t[27][31]=19.6468827043885
t[27][32]=64.13267497929586
t[27][33]=63.788713735268246
t[27][34]=82.80700453464067
t[27][35]=74.63243262818116
t[27][36]=28.0
t[27][37]=43.93176527297759
t[27][38]=9.433981132056603
t[27][39]=78.40918313565064
t[27][40]=42.42640687119285
t[27][41]=34.655446902326915
t[27][42]=59.481089431852205
t[27][43]=76.05918747922567
t[27][44]=54.70831746635972
t[27][45]=71.02112361825881
t[27][46]=23.345235059857504
t[27][47]=92.64987857520376
t[27][48]=94.66784036831093
t[27][49]=48.54894437575342
t[27][50]=82.0
t[27][51]=81.15417426109393
t[27][52]=31.38470965295043
t[28][0]=52.952809179494906
t[28][1]=20.223748416156685
t[28][2]=33.52610922848042
t[28][3]=30.0
t[28][4]=19.924858845171276
t[28][5]=22.80350850198276
t[28][6]=3.1622776601683795
t[28][7]=23.194827009486403
t[28][8]=48.877397639399746
t[28][9]=41.182520563948
t[28][10]=57.87054518492115
t[28][11]=71.21797525905943
t[28][12]=71.47027354082255
