Model loaded successfully from 'datasets/dummy5.txt'
Set parameter Username
Academic license - for non-commercial use only - expires 2023-07-15
t[0][1]=7.0710678118654755
t[0][2]=8.246211251235321
t[0][3]=12.206555615733702
t[0][4]=11.40175425099138
t[0][5]=7.615773105863909
t[0][6]=12.165525060596439
t[0][7]=17.69180601295413
t[0][8]=31.38470965295043
t[0][9]=6.324555320336759
t[0][10]=9.486832980505138
t[0][11]=37.64306044943742
t[1][0]=7.0710678118654755
t[1][2]=4.242640687119285
t[1][3]=5.385164807134504
t[1][4]=4.47213595499958
t[1][5]=2.8284271247461903
t[1][6]=7.615773105863909
t[1][7]=10.63014581273465
t[1][8]=24.596747752497688
t[1][9]=3.1622776601683795
t[1][10]=4.47213595499958
t[1][11]=30.610455730027933
t[2][0]=8.246211251235321
t[2][1]=4.242640687119285
t[2][3]=5.385164807134504
t[2][4]=7.0710678118654755
t[2][5]=7.0710678118654755
t[2][6]=4.0
t[2][7]=11.180339887498949
t[2][8]=26.248809496813376
t[2][9]=2.0
t[2][10]=1.4142135623730951
t[2][11]=31.38470965295043
t[3][0]=12.206555615733702
t[3][1]=5.385164807134504
t[3][2]=5.385164807134504
t[3][4]=3.605551275463989
t[3][5]=7.0
t[3][6]=5.385164807134504
t[3][7]=5.830951894845301
t[3][8]=20.8806130178211
t[3][9]=6.4031242374328485
t[3][10]=4.123105625617661
t[3][11]=26.076809620810597
t[4][0]=11.40175425099138
t[4][1]=4.47213595499958
t[4][2]=7.0710678118654755
t[4][3]=3.605551275463989
t[4][5]=4.47213595499958
t[4][6]=8.602325267042627
t[4][7]=6.708203932499369
t[4][8]=20.12461179749811
t[4][9]=7.0710678118654755
t[4][10]=6.324555320336759
t[4][11]=26.248809496813376
t[5][0]=7.615773105863909
t[5][1]=2.8284271247461903
t[5][2]=7.0710678118654755
t[5][3]=7.0
t[5][4]=4.47213595499958
t[5][6]=10.295630140987
t[5][7]=11.180339887498949
t[5][8]=23.853720883753127
t[5][9]=5.830951894845301
t[5][10]=7.211102550927978
t[5][11]=30.4138126514911
t[6][0]=12.165525060596439
t[6][1]=7.615773105863909
t[6][2]=4.0
t[6][3]=5.385164807134504
t[6][4]=8.602325267042627
t[6][5]=10.295630140987
t[6][7]=10.04987562112089
t[6][8]=25.317977802344327
t[6][9]=6.0
t[6][10]=3.1622776601683795
t[6][11]=29.546573405388315
t[7][0]=17.69180601295413
t[7][1]=10.63014581273465
t[7][2]=11.180339887498949
t[7][3]=5.830951894845301
t[7][4]=6.708203932499369
t[7][5]=11.180339887498949
t[7][6]=10.04987562112089
t[7][8]=15.297058540778355
t[7][9]=12.206555615733702
t[7][10]=9.848857801796104
t[7][11]=20.248456731316587
t[8][0]=31.38470965295043
t[8][1]=24.596747752497688
t[8][2]=26.248809496813376
t[8][3]=20.8806130178211
t[8][4]=20.12461179749811
t[8][5]=23.853720883753127
t[8][6]=25.317977802344327
t[8][7]=15.297058540778355
t[8][9]=26.92582403567252
t[8][10]=25.0
t[8][11]=8.246211251235321
t[9][0]=6.324555320336759
t[9][1]=3.1622776601683795
t[9][2]=2.0
t[9][3]=6.4031242374328485
t[9][4]=7.0710678118654755
t[9][5]=5.830951894845301
t[9][6]=6.0
t[9][7]=12.206555615733702
t[9][8]=26.92582403567252
t[9][10]=3.1622776601683795
t[9][11]=32.449961479175904
t[10][0]=9.486832980505138
t[10][1]=4.47213595499958
t[10][2]=1.4142135623730951
t[10][3]=4.123105625617661
t[10][4]=6.324555320336759
t[10][5]=7.211102550927978
t[10][6]=3.1622776601683795
t[10][7]=9.848857801796104
t[10][8]=25.0
t[10][9]=3.1622776601683795
t[10][11]=30.01666203960727
t[11][0]=37.64306044943742
t[11][1]=30.610455730027933
t[11][2]=31.38470965295043
t[11][3]=26.076809620810597
t[11][4]=26.248809496813376
t[11][5]=30.4138126514911
t[11][6]=29.546573405388315
t[11][7]=20.248456731316587
t[11][8]=8.246211251235321
t[11][9]=32.449961479175904
t[11][10]=30.01666203960727
Set parameter TimeLimit to value 100
Gurobi Optimizer version 9.5.2 build v9.5.2rc0 (linux64)
Thread count: 8 physical cores, 16 logical processors, using up to 16 threads
Optimize a model with 2813 rows, 1781 columns and 13992 nonzeros
Model fingerprint: 0x52262a4d
Model has 110 general constraints
Variable types: 351 continuous, 1430 integer (1430 binary)
Coefficient statistics:
  Matrix range     [1e+00, 1e+04]
  Objective range  [1e+00, 4e+01]
  Bounds range     [1e+00, 1e+00]
  RHS range        [1e+00, 1e+04]
Presolve added 209 rows and 330 columns
Presolve time: 0.03s
Presolved: 3022 rows, 2111 columns, 14641 nonzeros
Presolved model has 220 SOS constraint(s)
Variable types: 461 continuous, 1650 integer (1650 binary)

Root relaxation: objective 4.861854e+01, 463 iterations, 0.01 seconds (0.01 work units)

    Nodes    |    Current Node    |     Objective Bounds      |     Work
 Expl Unexpl |  Obj  Depth IntInf | Incumbent    BestBd   Gap | It/Node Time

     0     0   48.61854    0   55          -   48.61854      -     -    0s
     0     0   48.61854    0   98          -   48.61854      -     -    0s
H    0     0                    109706.07672   48.61854   100%     -    0s
H    0     0                    89817.673819   48.61854   100%     -    0s
     0     0   48.61854    0  111 89817.6738   48.61854   100%     -    0s
     0     0   62.16946    0   57 89817.6738   62.16946   100%     -    0s
     0     0   62.16946    0   66 89817.6738   62.16946   100%     -    0s
H    0     0                     592.4798911   62.16946  89.5%     -    0s
     0     0   66.98424    0   54  592.47989   66.98424  88.7%     -    0s
     0     0   66.98424    0   65  592.47989   66.98424  88.7%     -    0s
H    0     0                     311.9650490   66.98424  78.5%     -    0s
     0     0   66.98424    0   60  311.96505   66.98424  78.5%     -    0s
     0     0   66.99623    0   60  311.96505   66.99623  78.5%     -    0s
H    0     0                     273.0419684   66.99623  75.5%     -    0s
     0     2   66.99623    0   60  273.04197   66.99623  75.5%     -    0s
H   61    67                     244.0483180   80.04753  67.2%  80.7    0s
H   62    67                     239.4926335   80.04753  66.6%  80.5    0s
H 1015   717                     236.1386417   84.51600  64.2%  46.3    2s
  1983  1386   91.65299   45   88  236.13864   91.65299  61.2%   8.3    5s
H 3943  2040                     234.5542322   91.65299  60.9%  13.8    5s
H 3948  1986                     232.3345191   91.65299  60.6%  13.8    6s
H 3961  1867                     227.2849682   91.65299  59.7%  13.9    6s
H 5091  2435                     225.6562571   91.65299  59.4%  16.4    6s
 20093 11468  131.78698   51   33  225.65626   91.65299  59.4%  18.2   10s
 45319 25798  190.55105   93   31  225.65626   91.65299  59.4%  19.9   15s
 76280 41878  189.36592   77   33  225.65626   91.65299  59.4%  19.2   20s
 104322 55287  178.98916   79   21  225.65626   91.65299  59.4%  18.6   25s
 126744 66800   91.65299   56   84  225.65626   91.65299  59.4%  18.6   30s
H154418 78438                     213.2659185   91.65299  57.0%  18.5   34s
 156385 79180  195.52850  110   49  213.26592   91.65299  57.0%  18.6   35s
 181936 90491  149.19255   76   38  213.26592   91.65299  57.0%  19.0   40s
 210181 101249 infeasible   86       213.26592   91.65299  57.0%  19.5   45s
 238309 112403     cutoff   72       213.26592   91.65299  57.0%  19.8   50s
 267428 123607  161.05909   74   32  213.26592   91.65299  57.0%  20.0   55s
 294017 133493   93.24452   59   39  213.26592   91.65299  57.0%  20.2   60s
 322865 144566     cutoff   78       213.26592   91.65299  57.0%  20.3   65s
 349587 154436  113.92688   60   38  213.26592   91.65299  57.0%  20.4   70s
 380382 165289  111.26523   65   28  213.26592   91.65299  57.0%  20.4   75s
 407731 174848  129.73747   54   41  213.26592   91.65299  57.0%  20.4   80s
 418752 178523  120.39611   65   34  213.26592   91.65299  57.0%  20.5   85s
 447912 188364  116.00246   80   41  213.26592   91.65299  57.0%  20.5   90s
 474415 197538  139.66748   61   47  213.26592   91.65299  57.0%  20.6   95s
 503360 206537 infeasible   58       213.26592   91.65299  57.0%  20.7  100s

Cutting planes:
  Learned: 5
  Gomory: 1
  Implied bound: 25
  Clique: 8
  MIR: 2
  Flow cover: 8
  RLT: 25

Explored 503525 nodes (10478681 simplex iterations) in 100.00 seconds (61.33 work units)
Thread count was 16 (of 16 available processors)

Solution count 10: 213.266 225.656 227.285 ... 311.965

Time limit reached
Best objective 2.132659185267e+02, best bound 9.165299076152e+01, gap 57.0241%
========= SOLUTION ==========
0 0 13.4
0 5 21.1
0 4 25.5
0 1 30.0
0 11 60.6
0 8 68.9
2 0 9.0
2 3 21.2
2 7 27.0
2 6 37.0
2 2 41.0
8 0 51.4
8 10 60.8
8 9 64.0
==========================
========= SOLUTION (description) ==========
Bus 0
	t=13.4	PUB ->  (5) t=21.1
	t=21.1	(5) ->  (4) t=25.5
	t=25.5	(4) ->  (1) t=30.0
	t=30.0	(1) ->  (11) t=60.6
	t=60.6	(11) ->  (8) t=68.9
	t=68.9	(8) ->  PUB
Bus 2
	t=9.0	PUB ->  (3) t=21.2
	t=21.2	(3) ->  (7) t=27.0
	t=27.0	(7) ->  (6) t=37.0
	t=37.0	(6) ->  (2) t=41.0
	t=41.0	(2) ->  PUB
Bus 8
	t=51.4	PUB ->  (10) t=60.8
	t=60.8	(10) ->  (9) t=64.0
	t=64.0	(9) ->  PUB
==========================================
========= SOLUTION COST ==========
213.2659185267221
==========================================
