Model loaded successfully from 'datasets/dummy11.txt'
Set parameter Username
Academic license - for non-commercial use only - expires 2023-07-15
t[0][1]=1198.050499770356
t[0][2]=1927.8392049131069
t[0][3]=1782.235955197852
t[0][4]=1343.1459339922822
t[0][5]=2248.0669474017004
t[0][6]=2078.515335521968
t[0][7]=477.67980907716833
t[0][8]=2146.793189853182
t[0][9]=667.0067465925663
t[0][10]=1998.8449164454955
t[0][11]=1165.9845625050102
t[0][12]=1632.5103368738587
t[0][13]=1364.2774644477568
t[0][14]=1559.290223146416
t[0][15]=2147.1155069068827
t[0][16]=1060.3494706935069
t[0][17]=2200.8909559539748
t[0][18]=1009.7653192697796
t[0][19]=1992.4482427405737
t[0][20]=574.569403988761
t[0][21]=2241.56061707017
t[0][22]=919.5939321243915
t[0][23]=1505.691867547939
t[0][24]=1200.395351540483
t[0][25]=1995.4330357092917
t[0][26]=431.8761396511736
t[0][27]=1933.920629188282
t[0][28]=2272.261648666368
t[0][29]=932.2156402893056
t[0][30]=2048.601962314788
t[0][31]=1318.13883942474
t[0][32]=1988.9255893572288
t[0][33]=1338.0530632228306
t[0][34]=2326.700668328438
t[0][35]=1802.600898701651
t[0][36]=1553.6231846879732
t[0][37]=746.4181133922193
t[0][38]=1588.0963446844148
t[0][39]=1744.3878582471273
t[0][40]=725.7823365169478
t[0][41]=1262.071709531594
t[0][42]=2540.7971190159988
t[0][43]=1453.0880909291081
t[0][44]=1172.4478666448244
t[0][45]=1333.1354019753583
t[0][46]=2543.843548648383
t[0][47]=1696.633136538362
t[0][48]=587.4316981573262
t[0][49]=583.7208236820064
t[0][50]=1217.230462977328
t[1][0]=1198.050499770356
t[1][2]=987.3849300045043
t[1][3]=1423.1233256467972
t[1][4]=347.6147292621531
t[1][5]=1050.947191822691
t[1][6]=1195.0401666889695
t[1][7]=726.5211628025711
t[1][8]=1180.282169652664
t[1][9]=704.9631196027208
t[1][10]=914.432064179729
t[1][11]=878.0461263510022
t[1][12]=1108.054601542722
t[1][13]=516.3119212259194
t[1][14]=1001.6191891133077
t[1][15]=1013.0004935832953
t[1][16]=239.47024867402632
t[1][17]=1270.0062991969764
t[1][18]=216.8432613663611
t[1][19]=870.8989608444828
t[1][20]=658.7753790177651
t[1][21]=1200.886755693475
t[1][22]=303.1468291109112
t[1][23]=771.6560114455145
t[1][24]=646.578688173373
t[1][25]=893.0274351888636
t[1][26]=835.9677027254103
t[1][27]=1223.206442102068
t[1][28]=1262.0808215007469
t[1][29]=345.0811498763733
t[1][30]=895.6589752802123
t[1][31]=237.11811402758752
t[1][32]=1325.0094339286795
t[1][33]=166.0752841334315
t[1][34]=1133.3935768302201
t[1][35]=628.6215077453205
t[1][36]=707.8205987395394
t[1][37]=451.8904734556815
t[1][38]=900.3804751325964
t[1][39]=677.7197060732409
t[1][40]=623.1733306231903
t[1][41]=612.3561055464378
t[1][42]=1377.8044128249844
t[1][43]=477.4620403759863
t[1][44]=281.19210515233175
t[1][45]=838.2869437131894
t[1][46]=1349.6092026953581
t[1][47]=636.0416653018889
t[1][48]=612.0629052638299
t[1][49]=720.3367268160079
t[1][50]=636.4628818713626
t[2][0]=1927.8392049131069
t[2][1]=987.3849300045043
t[2][3]=2337.62978249337
t[2][4]=660.7306561678517
t[2][5]=914.1580826093483
t[2][6]=1853.1189924017292
t[2][7]=1481.348709791182
t[2][8]=1751.4979303441953
t[2][9]=1264.3773171011887
t[2][10]=1398.5581861331334
t[2][11]=1858.6629603023782
t[2][12]=2006.5338272752842
t[2][13]=570.9544640336916
t[2][14]=1905.4012700741018
t[2][15]=1341.363858168245
t[2][16]=947.3990711416177
t[2][17]=1859.80133347624
t[2][18]=1181.061387058268
t[2][19]=415.2131982488033
t[2][20]=1532.935093211712
t[2][21]=1660.2005902902215
t[2][22]=1097.4538714679538
t[2][23]=450.2887962186046
t[2][24]=1614.5665052886486
t[2][25]=1350.4462225501613
t[2][26]=1496.1808045821201
t[2][27]=2009.7445111257302
t[2][28]=1751.5321864013804
t[2][29]=1043.107856360022
t[2][30]=1219.5843554260607
t[2][31]=1127.4617510141975
t[2][32]=2121.2847522197485
t[2][33]=835.5513150010596
t[2][34]=892.2981564477201
t[2][35]=614.0570006115067
t[2][36]=374.7225640390501
t[2][37]=1300.5875595283849
t[2][38]=435.59843893200537
t[2][39]=1304.118476212955
t[2][40]=1569.0570416654712
t[2][41]=1563.955562028538
t[2][42]=1479.9249980995658
t[2][43]=525.0380938560554
t[2][44]=1253.1951164922405
t[2][45]=1788.7408979502873
t[2][46]=1255.7356409690697
t[2][47]=374.8172888221673
t[2][48]=1402.7544332490986
t[2][49]=1627.6516826397472
t[2][50]=724.4101048439344
t[3][0]=1782.235955197852
t[3][1]=1423.1233256467972
t[3][2]=2337.62978249337
t[3][4]=1764.0691596419908
t[3][5]=1884.2743961535964
t[3][6]=824.345194684848
t[3][7]=1596.8547210062661
t[3][8]=996.7597503912365
t[3][9]=1822.8101930810021
t[3][10]=1196.3452678888316
t[3][11]=657.7089021748147
t[3][12]=332.3266465392145
t[3][13]=1939.0394529250816
t[3][14]=432.30660415959414
t[3][15]=1388.3666662665162
t[3][16]=1602.1741478378685
t[3][17]=952.8000839630525
t[3][18]=1321.6402687569716
t[3][19]=2063.1085768810135
t[3][20]=1375.663112829591
t[3][21]=1188.471707698589
t[3][22]=1531.987597861027
t[3][23]=2194.279152705963
t[3][24]=796.7232894801056
t[3][25]=1239.5910616005588
t[3][26]=1756.4538137964232
t[3][27]=516.4745879518179
t[3][28]=1137.6959171940453
t[3][29]=1619.8793164924355
t[3][30]=1408.8055224196135
t[3][31]=1224.5754366309982
t[3][32]=457.35106865514155
t[3][33]=1533.9142740062105
t[3][34]=1996.450099551702
t[3][35]=1777.4490147399447
t[3][36]=2121.320814964111
t[3][37]=1445.0346016618425
t[3][38]=2322.9492030606266
t[3][39]=1113.1253298708102
t[3][40]=1187.1078299800738
t[3][41]=813.0559636335005
t[3][42]=1721.0813461309724
t[3][43]=1882.454249112047
t[3][44]=1144.6837991340665
t[3][45]=594.3778259659423
t[3][46]=1935.4598936686857
t[3][47]=1962.8604127650035
t[3][48]=1529.1451860434966
t[3][49]=1287.9398277869973
t[3][50]=2037.008836505134
t[4][0]=1343.1459339922822
t[4][1]=347.6147292621531
t[4][2]=660.7306561678517
t[4][3]=1764.0691596419908
t[4][5]=983.8912541536286
t[4][6]=1451.215008191412
t[4][7]=871.2204083927327
t[4][8]=1403.1571544199887
t[4][9]=724.2133663500005
t[4][10]=1087.5633314892518
t[4][11]=1224.098443753606
t[4][12]=1443.5709196295138
t[4][13]=183.89671013914307
t[4][14]=1337.72082289243
t[4][15]=1128.8303681244583
t[4][16]=296.84002425549016
t[4][17]=1503.0741831326889
t[4][18]=522.759026703509
t[4][19]=649.979230437404
t[4][20]=885.8357635589116
t[4][21]=1381.3706960841466
t[4][22]=449.46412537598593
t[4][23]=433.48933089523666
t[4][24]=994.0724319686167
t[4][25]=1053.0042734956016
t[4][26]=926.4178322981483
t[4][27]=1525.6585463333531
t[4][28]=1456.9076841035605
t[4][29]=413.4936517045939
t[4][30]=998.2329387472645
t[4][31]=545.6161654496685
t[4][32]=1632.1721722906564
t[4][33]=239.82702099638396
t[4][34]=1037.8135670726222
t[4][35]=503.4411584286688
t[4][36]=360.30265055922087
t[4][37]=653.0735027544756
t[4][38]=561.2388083516677
t[4][39]=893.9015605758835
t[4][40]=908.9317906201763
t[4][41]=957.3630450356856
t[4][42]=1430.712060478977
t[4][43]=136.12494260788506
t[4][44]=628.131355689238
t[4][45]=1184.086567781258
t[4][46]=1327.6931121309624
t[4][47]=356.046345297912
t[4][48]=776.16042156245
t[4][49]=974.0867517834333
t[4][50]=382.51405202946466
t[5][0]=2248.0669474017004
t[5][1]=1050.947191822691
t[5][2]=914.1580826093483
t[5][3]=1884.2743961535964
t[5][4]=983.8912541536286
t[5][6]=1175.3539892304786
t[5][7]=1773.2853690255272
t[5][8]=1024.4569293044974
t[5][9]=1692.2142299366235
t[5][10]=706.6540879383632
t[5][11]=1647.5402878230323
t[5][12]=1569.9582797004512
t[5][13]=1081.4305340612498
t[5][14]=1495.1096949722453
t[5][15]=553.2522028876161
t[5][16]=1209.1980813745943
t[5][17]=1126.514092233204
t[5][18]=1252.4731534048944
t[5][19]=502.1682984816943
t[5][20]=1704.1481743087952
t[5][21]=873.5519446489716
t[5][22]=1334.3837528986928
t[5][23]=1183.3279342599835
t[5][24]=1399.7321172281502
t[5][25]=657.7841591282053
t[5][26]=1866.9076034983627
t[5][27]=1426.573517208279
t[5][28]=967.4058093685401
t[5][29]=1341.7946936845442
t[5][30]=484.92989184004733
t[5][31]=985.5074834824949
t[5][32]=1531.698403733581
t[5][33]=913.1533277604589
t[5][34]=112.37882362794157
t[5][35]=481.1496648653099
t[5][36]=1051.2506837096469
t[5][37]=1502.6859285958594
t[5][38]=1251.102313961572
t[5][39]=785.0159234053791
t[5][40]=1632.7966805453764
t[5][41]=1320.3370781736003
t[5][42]=568.3388074027674
t[5][43]=941.6772270794277
t[5][44]=1157.271359707826
t[5][45]=1491.0013413810198
t[5][46]=358.92199709686224
t[5][47]=736.8968720248445
t[5][48]=1660.8482772366656
t[5][49]=1751.3940162053768
t[5][50]=1322.4314727047297
t[6][0]=2078.515335521968
t[6][1]=1195.0401666889695
t[6][2]=1853.1189924017292
t[6][3]=824.345194684848
t[6][4]=1451.215008191412
t[6][5]=1175.3539892304786
t[6][7]=1720.0988343696997
t[6][8]=175.28548142958104
t[6][9]=1835.0476833041696
t[6][10]=477.58664135421543
t[6][11]=987.361129475938
t[6][12]=612.3005797808785
t[6][13]=1633.2094170681235
t[6][14]=611.5815562948248
t[6][15]=627.8956919743915
t[6][16]=1431.855090433386
t[6][17]=141.4814475470194
t[6][18]=1227.6041707325696
t[6][19]=1492.0013404819715
t[6][20]=1530.5423875214956
t[6][21]=368.26620806150544
t[6][22]=1442.7657467517033
t[6][23]=1865.051741909591
t[6][24]=879.2411500834114
t[6][25]=528.5574708581839
t[6][26]=1875.4052895307723
t[6][27]=307.8782226790326
t[6][28]=313.6000637755037
t[6][29]=1514.0052840066312
t[6][30]=695.6608369025814
t[6][31]=959.0161625332495
t[6][32]=386.67945381155175
t[6][33]=1218.0525440226295
t[6][34]=1281.6559600766502
t[6][35]=1239.8983829330532
t[6][36]=1756.2496975088707
t[6][37]=1468.608184642861
t[6][38]=1983.976814380652
t[6][39]=564.4864923096035
t[6][40]=1356.1423229145237
t[6][41]=816.9265572865164
t[6][42]=905.7328524460179
t[6][43]=1527.2802624272992
t[6][44]=1006.0337966489992
t[6][45]=785.5545811717986
t[6][46]=1146.470235112975
t[6][47]=1504.4181599542064
t[6][48]=1614.5123102658586
t[6][49]=1496.4624953536256
t[6][50]=1813.320710740381
t[7][0]=477.67980907716833
t[7][1]=726.5211628025711
t[7][2]=1481.348709791182
t[7][3]=1596.8547210062661
t[7][4]=871.2204083927327
t[7][5]=1773.2853690255272
t[7][6]=1720.0988343696997
t[7][8]=1762.3691440785044
t[7][9]=293.4552776829887
t[7][10]=1572.5816354008462
t[7][11]=939.4647412223622
t[7][12]=1374.2503410951006
t[7][13]=910.9560911481958
t[7][14]=1282.8982812366692
t[7][15]=1705.4691436669266
t[7][16]=583.7233933979346
t[7][17]=1829.7390524334337
t[7][18]=554.0036100965408
t[7][19]=1518.3412001259796
t[7][20]=221.20578654275752
t[7][21]=1833.7720687151934
t[7][22]=441.9694559582144
t[7][23]=1084.0304423769658
t[7][24]=877.9117267698388
t[7][25]=1563.181691295033
t[7][26]=162.24980739587951
t[7][27]=1628.6512825034092
t[7][28]=1875.4522121344494
t[7][29]=457.96069700357475
t[7][30]=1599.2610793738463
t[7][31]=870.6985701148245
t[7][32]=1702.5430978392294
t[7][33]=861.4638703973603
t[7][34]=1850.2026915989502
t[7][35]=1324.9392438900736
t[7][36]=1112.0364202668904
t[7][37]=281.58480072617556
t[7][38]=1182.867701816226
t[7][39]=1318.3736192749004
t[7][40]=411.1763611882376
t[7][41]=918.3555956164257
t[7][42]=2089.575076421041
t[7][43]=987.1357556081128
t[7][44]=745.0771772105222
t[7][45]=1053.8254124853888
t[7][46]=2075.9484579343484
t[7][47]=1226.706973975448
t[7][48]=116.66190466471906
t[7][49]=319.3305497443049
t[7][50]=801.5834329625333
t[8][0]=2146.793189853182
t[8][1]=1180.282169652664
t[8][2]=1751.4979303441953
t[8][3]=996.7597503912365
t[8][4]=1403.1571544199887
t[8][5]=1024.4569293044974
t[8][6]=175.28548142958104
t[8][7]=1762.3691440785044
t[8][9]=1850.7579528398628
t[8][10]=353.4176000144871
t[8][11]=1102.2418065016404
t[8][12]=766.3661005028863
t[8][13]=1581.109736862056
t[8][14]=750.7842566276946
t[8][15]=471.55911612437313
t[8][16]=1419.7267342696623
t[8][17]=108.45275469069469
t[8][18]=1243.4456160202585
t[8][19]=1374.2754454620806
t[8][20]=1585.4478862453977
t[8][21]=193.04144632694815
t[8][22]=1449.1059312555449
t[8][23]=1801.5695934378998
t[8][24]=961.1503524423221
t[8][25]=402.75054314054006
t[8][26]=1912.5794101160873
t[8][27]=481.06548410793306
t[8][28]=149.83324063771698
t[8][29]=1513.6898625544138
t[8][30]=556.5689534999235
t[8][31]=951.1661263943329
t[8][32]=561.8861094563559
t[8][33]=1179.2357694710588
t[8][34]=1127.7131727527174
t[8][35]=1138.074250653269
t[8][36]=1686.3356723974025
t[8][37]=1498.8145315548552
t[8][38]=1915.82593155015
t[8][39]=511.1653352879086
t[8][40]=1421.0126670793613
t[8][41]=890.0528074221214
t[8][42]=730.4498613868031
t[8][43]=1465.885397976254
t[8][44]=1026.785761490682
t[8][45]=898.3546070455698
t[8][46]=974.7148300913452
t[8][47]=1416.7247439075807
t[8][48]=1652.3089904736341
t[8][49]=1563.1330717504509
t[8][50]=1776.2986798396266
t[9][0]=667.0067465925663
t[9][1]=704.9631196027208
t[9][2]=1264.3773171011887
t[9][3]=1822.8101930810021
t[9][4]=724.2133663500005
t[9][5]=1692.2142299366235
t[9][6]=1835.0476833041696
t[9][7]=293.4552776829887
t[9][8]=1850.7579528398628
t[9][10]=1613.5467145391235
t[9][11]=1168.890927332401
t[9][12]=1570.419052355135
t[9][13]=709.9133749972598
t[9][14]=1471.6657229140046
t[9][15]=1717.9432470253491
t[9][16]=490.6862541380184
t[9][17]=1930.1432589318338
t[9][18]=608.3978961173353
t[9][19]=1367.5393961418442
t[9][20]=480.70781146139075
t[9][21]=1893.6324881032222
t[9][22]=407.03931014092484
t[9][23]=838.7288000301409
t[9][24]=1057.2629758011958
t[9][25]=1595.1429403034701
t[9][26]=237.00843866833097
t[9][27]=1788.2351635061873
t[9][28]=1947.646015065366
t[9][29]=363.23546082396746
t[9][30]=1599.5599394833569
t[9][31]=907.4491721303183
t[9][32]=1873.0331016829361
t[9][33]=794.4734105053485
t[9][34]=1755.225911385768
t[9][35]=1219.1554453801205
t[9][36]=889.6566753529139
t[9][37]=385.2298015470766
t[9][38]=924.106054519718
t[9][39]=1368.0149852980412
t[9][40]=647.8533784738643
t[9][41]=1078.860973434483
t[9][42]=2076.606847720579
t[9][43]=814.6195430997221
t[9][44]=829.1200154380547
t[9][45]=1250.5230905505105
t[9][46]=2020.5509149734387
t[9][47]=1062.398230420213
t[9][48]=304.8442225137291
t[9][49]=592.2837157984338
t[9][50]=550.276294237722
t[10][0]=1998.8449164454955
t[10][1]=914.432064179729
t[10][2]=1398.5581861331334
t[10][3]=1196.3452678888316
t[10][4]=1087.5633314892518
t[10][5]=706.6540879383632
t[10][6]=477.58664135421543
t[10][7]=1572.5816354008462
t[10][8]=353.4176000144871
t[10][9]=1613.5467145391235
t[10][11]=1099.2201781262934
t[10][12]=901.0799076663512
t[10][13]=1258.9916600200336
t[10][14]=844.4270246741278
t[10][15]=200.25983121934362
t[10][16]=1149.7825881443848
t[10][17]=461.8679464955324
t[10][18]=1024.5667376994043
t[10][19]=1021.8752370030306
t[10][20]=1424.6181944647485
t[10][21]=294.0153057240388
t[10][22]=1206.5239326262865
t[10][23]=1467.5370523431427
t[10][24]=893.5155286843088
t[10][25]=50.99019513592785
t[10][26]=1710.279509320041
t[10][27]=720.8716945476497
t[10][28]=371.4000538502923
t[10][29]=1258.8713198734808
t[10][30]=221.84003245582164
t[10][31]=709.5244886541972
t[10][32]=825.1278688785151
t[10][33]=879.5550011227268
t[10][34]=816.1354054322113
t[10][35]=785.7792310821151
t[10][36]=1348.044509650924
t[10][37]=1294.9042435639788
t[10][38]=1577.7049787587032
t[10][39]=254.8921340488953
t[10][40]=1286.3533729111919
t[10][41]=811.2570492759986
t[10][42]=595.0
t[10][43]=1136.191885202495
t[10][44]=829.8560116068329
t[10][45]=908.1084736968376
t[10][46]=748.727587310632
t[10][47]=1068.8316050716314
t[10][48]=1457.288235044804
t[10][49]=1426.6033085619842
t[10][50]=1468.0003405994155
t[11][0]=1165.9845625050102
t[11][1]=878.0461263510022
t[11][2]=1858.6629603023782
t[11][3]=657.7089021748147
t[11][4]=1224.098443753606
t[11][5]=1647.5402878230323
t[11][6]=987.361129475938
t[11][7]=939.4647412223622
t[11][8]=1102.2418065016404
t[11][9]=1168.890927332401
t[11][10]=1099.2201781262934
t[11][12]=466.9582422444217
t[11][13]=1381.1752242203015
t[11][14]=402.3853874086384
t[11][15]=1293.578370258254
t[11][16]=1007.3951558350874
t[11][17]=1124.843544676325
t[11][18]=723.1445222083895
t[11][19]=1669.829332596598
t[11][20]=718.366201877566
t[11][21]=1249.49989995998
t[11][22]=911.2173176580875
t[11][23]=1632.9274325578585
t[11][24]=255.8378392654222
t[11][25]=1121.2568840368383
t[11][26]=1099.6422145407114
t[11][27]=784.5871525840836
t[11][28]=1247.6782437792206
t[11][29]=999.0965919269267
t[11][30]=1250.395937293464
t[11][31]=745.7305143280647
t[11][32]=827.5898742734834
t[11][33]=1023.1412414715771
t[11][34]=1755.576258668361
t[11][35]=1387.0176639105935
t[11][36]=1582.6133450720047
t[11][37]=797.819528464928
t[11][38]=1760.286908432827
t[11][39]=893.6403079539328
t[11][40]=529.399659992335
t[11][41]=329.02431521089744
t[11][42]=1694.122191578872
t[11][43]=1355.486997355563
t[11][44]=605.4766717223712
t[11][45]=203.8872237291979
t[11][46]=1817.4410581914342
t[11][47]=1493.3626485217849
t[11][48]=872.2224486906996
t[11][49]=634.5470825714984
t[11][50]=1436.8973519357603
t[12][0]=1632.5103368738587
t[12][1]=1108.054601542722
t[12][2]=2006.5338272752842
t[12][3]=332.3266465392145
t[12][4]=1443.5709196295138
t[12][5]=1569.9582797004512
t[12][6]=612.3005797808785
t[12][7]=1374.2503410951006
t[12][8]=766.3661005028863
t[12][9]=1570.419052355135
t[12][10]=901.0799076663512
t[12][11]=466.9582422444217
t[12][13]=1621.3960034488798
t[12][14]=106.50821564555478
t[12][15]=1099.1473968490304
t[12][16]=1300.8862363788771
t[12][17]=753.1487236927379
t[12][18]=1027.8852075985917
t[12][19]=1731.5484399808167
t[12][20]=1157.168959141231
t[12][21]=946.9635684650176
t[12][22]=1245.968298152084
t[12][23]=1875.932301550352
t[12][24]=514.7358545895166
t[12][25]=940.1260553776818
t[12][26]=1536.461193782648
t[12][27]=343.3322006453808
t[12][28]=915.6205545967172
t[12][29]=1332.3377950054557
t[12][30]=1103.9021695784459
t[12][31]=900.0799964447605
t[12][32]=364.72592449673766
t[12][33]=1210.0528914059914
t[12][34]=1682.337064918918
t[12][35]=1445.5130577065017
t[12][36]=1798.2338557595895
t[12][37]=1185.7596721089817
t[12][38]=2004.3003766900808
t[12][39]=790.1221424564685
t[12][40]=965.7090659199591
t[12][41]=510.7416176502557
t[12][42]=1459.8630072715728
t[12][43]=1558.5201314067137
t[12][44]=835.0760444414628
t[12][45]=321.30981933330327
t[12][46]=1649.1337119833552
t[12][47]=1631.8952172244394
t[12][48]=1291.7437826442208
t[12][49]=1086.6646216749673
t[12][50]=1733.2062773945863
t[13][0]=1364.2774644477568
t[13][1]=516.3119212259194
t[13][2]=570.9544640336916
t[13][3]=1939.0394529250816
t[13][4]=183.89671013914307
t[13][5]=1081.4305340612498
t[13][6]=1633.2094170681235
t[13][7]=910.9560911481958
t[13][8]=1581.109736862056
t[13][9]=709.9133749972598
t[13][10]=1258.9916600200336
t[13][11]=1381.1752242203015
t[13][12]=1621.3960034488798
t[13][14]=1515.2204460077749
t[13][15]=1286.8768394838723
t[13][16]=395.39853312828564
t[13][17]=1682.1920223327656
t[13][18]=663.5397501280537
t[13][19]=676.9468221359784
t[13][20]=967.2750384456326
t[13][21]=1551.8327873840017
t[13][22]=537.5648798052194
t[13][23]=255.34486483969087
t[13][24]=1160.0663774112238
t[13][25]=1222.2422018568986
t[13][26]=934.650736906573
t[13][27]=1709.3636242765901
t[13][28]=1629.78587550635
t[13][29]=475.42927970414274
t[13][30]=1155.1315942350464
t[13][31]=726.6615443244538
t[13][32]=1815.6673704178306
t[13][33]=423.51505286117043
t[13][34]=1119.7700656831294
t[13][35]=605.7565517598633
t[13][36]=213.4759939665348
t[13][37]=737.027136542475
t[13][38]=384.0690042166902
t[13][39]=1073.7197027157506
t[13][40]=1021.3603673532667
t[13][41]=1128.6141944880899
t[13][42]=1565.3641748807208
t[13][43]=140.7693148381422
t[13][44]=796.9247141355323
t[13][45]=1354.176133300244
t[13][46]=1435.571314842979
t[13][47]=369.9310746612131
t[13][48]=832.1015563018735
t[13][49]=1066.3024899155023
t[13][50]=241.07467722678797
t[14][0]=1559.290223146416
t[14][1]=1001.6191891133077
t[14][2]=1905.4012700741018
t[14][3]=432.30660415959414
t[14][4]=1337.72082289243
t[14][5]=1495.1096949722453
t[14][6]=611.5815562948248
t[14][7]=1282.8982812366692
t[14][8]=750.7842566276946
t[14][9]=1471.6657229140046
t[14][10]=844.4270246741278
t[14][11]=402.3853874086384
t[14][12]=106.50821564555478
t[14][13]=1515.2204460077749
t[14][15]=1044.3931252167451
t[14][16]=1194.7790590732666
t[14][17]=752.7874866122577
t[14][18]=922.7805806365889
t[14][19]=1637.6971637027402
t[14][20]=1068.0299621265312
t[14][21]=921.5400154089891
t[14][22]=1141.6676399022615
t[14][23]=1769.8615765081743
t[14][24]=414.45023826751503
t[14][25]=880.0028409045052
t[14][26]=1445.1245621052879
t[14][27]=382.36762415246403
t[14][28]=900.5026374197912
t[14][29]=1227.721466783081
t[14][30]=1038.325575144906
t[14][31]=794.913831808203
t[14][32]=429.7452733887832
t[14][33]=1104.8275883593783
t[14][34]=1607.356214409239
t[14][35]=1350.7701506918193
t[14][36]=1692.93738809207
t[14][37]=1086.5514253821584
t[14][38]=1898.2781671820387
t[14][39]=710.9352994471437
t[14][40]=877.30154451021
t[14][41]=405.6316062636145
t[14][42]=1418.4442181488844
t[14][43]=1453.393614957765
t[14][44]=728.642573557159
t[14][45]=230.4256930118688
t[14][46]=1592.7341272164667
t[14][47]=1530.6109891151311
t[14][48]=1197.130736385964
t[14][49]=1002.8000797766223
t[14][50]=1626.8460283628565
t[15][0]=2147.1155069068827
t[15][1]=1013.0004935832953
t[15][2]=1341.363858168245
t[15][3]=1388.3666662665162
t[15][4]=1128.8303681244583
t[15][5]=553.2522028876161
t[15][6]=627.8956919743915
t[15][7]=1705.4691436669266
t[15][8]=471.55911612437313
t[15][9]=1717.9432470253491
t[15][10]=200.25983121934362
t[15][11]=1293.578370258254
t[15][12]=1099.1473968490304
t[15][13]=1286.8768394838723
t[15][14]=1044.3931252167451
t[15][16]=1237.8465171417658
t[15][17]=573.3149221850065
t[15][18]=1151.7660352693163
t[15][19]=941.3952411182032
t[15][20]=1573.0495859953048
t[15][21]=328.2087750198035
t[15][22]=1314.152198187105
t[15][23]=1471.7543952711676
t[15][24]=1079.5934419956432
t[15][25]=172.32527382830412
t[15][26]=1834.8907324415807
t[15][27]=899.5109782542957
t[15][28]=422.6038333948238
t[15][29]=1356.531238121703
t[15][30]=132.00378782444085
t[15][31]=834.7772157887397
t[15][32]=998.6490875177326
t[15][33]=947.3990711416177
t[15][34]=656.2202374203343
t[15][35]=747.1151183050708
t[15][36]=1345.362404707371
t[15][37]=1424.4848191539284
t[15][38]=1572.2229485667738
t[15][39]=417.56676112928335
t[15][40]=1447.1119514398324
t[15][41]=996.5711213957587
t[15][42]=406.8967928111501
t[15][43]=1154.443588920654
t[15][44]=974.9794869637002
t[15][45]=1105.3076494804511
t[15][46]=550.0081817573263
t[15][47]=1044.9712914716845
t[15][48]=1589.0037759552367
t[15][49]=1584.7980943956236
t[15][50]=1510.8980773036942
t[16][0]=1060.3494706935069
t[16][1]=239.47024867402632
t[16][2]=947.3990711416177
t[16][3]=1602.1741478378685
t[16][4]=296.84002425549016
t[16][5]=1209.1980813745943
t[16][6]=1431.855090433386
t[16][7]=583.7233933979346
t[16][8]=1419.7267342696623
t[16][9]=490.6862541380184
t[16][10]=1149.7825881443848
t[16][11]=1007.3951558350874
t[16][12]=1300.8862363788771
t[16][13]=395.39853312828564
t[16][14]=1194.7790590732666
t[16][15]=1237.8465171417658
t[16][17]=1509.0400922440729
t[16][18]=284.98596456667826
t[16][19]=935.8359899042139
t[16][20]=589.4887615552989
t[16][21]=1438.2506735614622
t[16][22]=152.64337522473747
t[16][23]=634.0859563182266
t[16][24]=807.0749655391376
t[16][25]=1126.1438629233833
t[16][26]=659.2237859786311
t[16][27]=1445.3705407264947
t[16][28]=1500.7924573371229
t[16][29]=132.6536844569347
t[16][30]=1115.8732006818695
t[16][31]=472.8900506460249
t[16][32]=1543.8251196298108
t[16][33]=303.80421326900654
t[16][34]=1278.4979468110225
t[16][35]=746.383949452291
t[16][36]=608.4274812991274
t[16][37]=356.506661929339
t[16][38]=758.6257311744705
t[16][39]=916.4987725032696
t[16][40]=626.6617907611728
t[16][41]=791.718384275621
t[16][42]=1587.6980191459584
t[16][43]=426.0187789288167
t[16][44]=468.50933822070186
t[16][45]=1008.2762518278411
t[16][46]=1531.4937152988907
t[16][47]=651.3378539590648
t[16][48]=482.9171771639522
t[16][49]=680.5563900221641
t[16][50]=435.0
t[17][0]=2200.8909559539748
t[17][1]=1270.0062991969764
t[17][2]=1859.80133347624
t[17][3]=952.8000839630525
t[17][4]=1503.0741831326889
t[17][5]=1126.514092233204
t[17][6]=141.4814475470194
t[17][7]=1829.7390524334337
t[17][8]=108.45275469069469
t[17][9]=1930.1432589318338
t[17][10]=461.8679464955324
t[17][11]=1124.843544676325
t[17][12]=753.1487236927379
t[17][13]=1682.1920223327656
t[17][14]=752.7874866122577
t[17][15]=573.3149221850065
t[17][16]=1509.0400922440729
t[17][18]=1321.7885610036124
t[17][19]=1482.5602854521633
t[17][20]=1646.234794918392
t[17][21]=269.3120866207085
t[17][22]=1531.6977508634006
t[17][23]=1905.2435539846342
t[17][24]=1005.4431858638259
t[17][25]=511.1731604847813
t[17][26]=1982.5503776701362
t[17][27]=438.60004559963284
t[17][28]=193.25630649476875
t[17][29]=1598.9274530134255
t[17][30]=663.322696732141
t[17][31]=1037.7711693817669
t[17][32]=503.0168983244996
t[17][33]=1276.371811033133
t[17][34]=1228.1795471347014
t[17][35]=1246.2571965689908
t[17][36]=1791.1141783817134
t[17][37]=1571.4556945711197
t[17][38]=2020.4249553002458
t[17][39]=609.2913917002275
t[17][40]=1476.2076412212477
t[17][41]=939.1911413551557
t[17][42]=799.8206048858707
t[17][43]=1568.883042167261
t[17][44]=1102.4177973889934
t[17][45]=922.09598198886
t[17][46]=1058.652445328494
t[17][47]=1523.8717137607089
t[17][48]=1721.6785414240371
t[17][49]=1617.5503083366527
t[17][50]=1873.7526517659687
t[18][0]=1009.7653192697796
t[18][1]=216.8432613663611
t[18][2]=1181.061387058268
t[18][3]=1321.6402687569716
t[18][4]=522.759026703509
t[18][5]=1252.4731534048944
t[18][6]=1227.6041707325696
t[18][7]=554.0036100965408
t[18][8]=1243.4456160202585
t[18][9]=608.3978961173353
t[18][10]=1024.5667376994043
t[18][11]=723.1445222083895
t[18][12]=1027.8852075985917
t[18][13]=663.5397501280537
t[18][14]=922.7805806365889
t[18][15]=1151.7660352693163
t[18][16]=284.98596456667826
t[18][17]=1321.7885610036124
t[18][19]=1087.1798379293095
t[18][20]=451.7565716179456
t[18][21]=1295.2003705990824
t[18][22]=223.00896842952304
t[18][23]=911.8870544097005
t[18][24]=525.0342845948253
t[18][25]=1012.3897470836022
t[18][26]=685.8870169350051
t[18][27]=1200.6852210300583
t[18][28]=1344.504741531245
t[18][29]=306.11109094575454
t[18][30]=1045.4338812187025
t[18][31]=317.37044600907626
t[18][32]=1293.1670425741602
t[18][33]=382.099463490856
t[18][34]=1339.4961739400378
t[18][35]=844.1042589633107
t[18][36]=871.1859732571456
t[18][37]=272.72330300141203
t[18][38]=1038.4372874661233
t[18][39]=772.5807401171737
t[18][40]=406.6866115327624
t[18][41]=517.189520388803
t[18][42]=1536.3033554607632
t[18][43]=658.7025125198779
t[18][44]=222.03603311174518
t[18][45]=727.266113606292
t[18][46]=1535.39897095185
t[18][47]=843.0954868815276
t[18][48]=437.4037036880232
t[18][49]=505.3355320972393
t[18][50]=718.5429701834122
t[19][0]=1992.4482427405737
t[19][1]=870.8989608444828
t[19][2]=415.2131982488033
t[19][3]=2063.1085768810135
t[19][4]=649.979230437404
t[19][5]=502.1682984816943
t[19][6]=1492.0013404819715
t[19][7]=1518.3412001259796
t[19][8]=1374.2754454620806
t[19][9]=1367.5393961418442
t[19][10]=1021.8752370030306
t[19][11]=1669.829332596598
t[19][12]=1731.5484399808167
t[19][13]=676.9468221359784
t[19][14]=1637.6971637027402
t[19][15]=941.3952411182032
t[19][16]=935.8359899042139
t[19][17]=1482.5602854521633
t[19][18]=1087.1798379293095
t[19][20]=1509.4171060379567
t[19][21]=1266.1816615320251
t[19][22]=1084.5280079370934
t[19][23]=712.6471777815443
t[19][24]=1414.7851426983534
t[19][25]=971.8029635682328
t[19][26]=1575.9914339868728
t[19][27]=1682.1489232526353
t[19][28]=1359.31195830832
t[19][29]=1060.6941123622776
t[19][30]=826.2808239333647
t[19][31]=926.2764166273478
t[19][32]=1793.5565226666263
t[19][33]=705.0957381802842
t[19][34]=494.5401904800054
t[19][35]=287.84718167805636
t[19][36]=585.6833615529811
t[19][37]=1281.9368159156675
t[19][38]=762.7581530209952
t[19][39]=972.3975524444721
t[19][40]=1493.8601005448938
t[19][41]=1349.729232105462
t[19][42]=1065.3168542738822
t[19][43]=554.477231272845
t[19][44]=1084.2232242485861
t[19][45]=1561.569723067145
t[19][46]=852.2171084882068
t[19][47]=307.8473647767673
t[19][48]=1418.6253910035587
t[19][49]=1584.1527704107327
t[19][50]=905.4545819642198
t[20][0]=574.569403988761
t[20][1]=658.7753790177651
t[20][2]=1532.935093211712
t[20][3]=1375.663112829591
t[20][4]=885.8357635589116
t[20][5]=1704.1481743087952
t[20][6]=1530.5423875214956
t[20][7]=221.20578654275752
t[20][8]=1585.4478862453977
t[20][9]=480.70781146139075
t[20][10]=1424.6181944647485
t[20][11]=718.366201877566
t[20][12]=1157.168959141231
t[20][13]=967.2750384456326
t[20][14]=1068.0299621265312
t[20][15]=1573.0495859953048
t[20][16]=589.4887615552989
t[20][17]=1646.234794918392
t[20][18]=451.7565716179456
t[20][19]=1509.4171060379567
t[20][21]=1671.4508667621672
t[20][22]=437.11440150148337
t[20][23]=1174.6463297520663
t[20][24]=669.914173607336
t[20][25]=1420.8691002340786
t[20][26]=381.57699092057425
t[20][27]=1421.3166431165155
t[20][28]=1705.9850526895011
t[20][29]=491.92275816432806
t[20][30]=1476.4416683364095
t[20][31]=748.0748625639014
t[20][32]=1491.2897102843565
t[20][33]=815.3060774948265
t[20][34]=1790.249703253711
t[20][35]=1285.1350123625143
t[20][36]=1178.747216327572
t[20][37]=233.05364189387817
t[20][38]=1285.9315689413647
t[20][39]=1170.0106837119054
t[20][40]=191.58809983921236
t[20][41]=717.908768577178
t[20][42]=1968.5934064707217
t[20][43]=1015.1970252123476
t[20][44]=598.1103577100132
t[20][45]=838.0214794383256
t[20][46]=1983.869451350063
t[20][47]=1237.524141178668
t[20][48]=178.24140933015536
t[20][49]=114.0175425099138
t[20][50]=909.6570782443239
t[21][0]=2241.56061707017
t[21][1]=1200.886755693475
t[21][2]=1660.2005902902215
t[21][3]=1188.471707698589
t[21][4]=1381.3706960841466
t[21][5]=873.5519446489716
t[21][6]=368.26620806150544
t[21][7]=1833.7720687151934
t[21][8]=193.04144632694815
t[21][9]=1893.6324881032222
t[21][10]=294.0153057240388
t[21][11]=1249.49989995998
t[21][12]=946.9635684650176
t[21][13]=1551.8327873840017
t[21][14]=921.5400154089891
t[21][15]=328.2087750198035
t[21][16]=1438.2506735614622
t[21][17]=269.3120866207085
t[21][18]=1295.2003705990824
t[21][19]=1266.1816615320251
t[21][20]=1671.4508667621672
t[21][22]=1487.080697205098
t[21][23]=1756.2784517268326
t[21][24]=1082.6638444133987
t[21][25]=329.8620923962012
t[21][26]=1977.3631431783085
t[21][27]=673.5822147295755
t[21][28]=94.49338601193207
t[21][29]=1543.5336083156726
t[21][30]=440.9671189555974
t[21][31]=986.2190426066614
t[21][32]=754.658200777014
t[21][33]=1172.8699842693563
t[21][34]=970.9140023709618
t[21][35]=1055.1549649222147
t[21][36]=1634.6378803881917
t[21][37]=1560.9772580021786
t[21][38]=1863.9077230378118
t[21][39]=525.6814624846495
t[21][40]=1518.7817486393494
t[21][41]=1005.7241172409061
t[21][42]=537.6430042323624
t[21][43]=1427.3377315828234
t[21][44]=1088.9940312049464
t[21][45]=1046.978509808105
t[21][46]=789.3959716137396
t[21][47]=1346.8400053458465
t[21][48]=1720.3052054795394
t[21][49]=1660.959963394663
t[21][50]=1762.0011350734142
t[22][0]=919.5939321243915
t[22][1]=303.1468291109112
t[22][2]=1097.4538714679538
t[22][3]=1531.987597861027
t[22][4]=449.46412537598593
t[22][5]=1334.3837528986928
t[22][6]=1442.7657467517033
t[22][7]=441.9694559582144
t[22][8]=1449.1059312555449
t[22][9]=407.03931014092484
t[22][10]=1206.5239326262865
t[22][11]=911.2173176580875
t[22][12]=1245.968298152084
t[22][13]=537.5648798052194
t[22][14]=1141.6676399022615
t[22][15]=1314.152198187105
t[22][16]=152.64337522473747
t[22][17]=1531.6977508634006
t[22][18]=223.00896842952304
t[22][19]=1084.5280079370934
t[22][20]=437.11440150148337
t[22][21]=1487.080697205098
t[22][23]=763.560737597213
t[22][24]=736.6749622459013
t[22][25]=1188.4864324004714
t[22][26]=536.0783524821721
t[22][27]=1423.5743745937548
t[22][28]=1542.4091545371482
t[22][29]=88.23264701911646
t[22][30]=1198.292535235032
t[22][31]=501.3232490120521
t[22][32]=1516.1556648312865
t[22][33]=421.25170622799857
t[22][34]=1409.1745810934854
t[22][35]=883.0158548972946
t[22][36]=750.9167730181555
t[22][37]=204.0612653102004
t[22][38]=883.6996095959305
t[22][39]=961.4000208029954
t[22][40]=486.89321211123905
t[22][41]=736.3382374968721
t[22][42]=1680.8917276255481
t[22][43]=578.0864987179687
t[22][44]=442.09614338964775
t[22][45]=939.0596360189272
t[22][46]=1645.4449246328484
t[22][47]=803.4233006329852
t[22][48]=335.4891950570092
t[22][49]=530.4045625746445
t[22][50]=531.1544031635245
t[23][0]=1505.691867547939
t[23][1]=771.6560114455145
t[23][2]=450.2887962186046
t[23][3]=2194.279152705963
t[23][4]=433.48933089523666
t[23][5]=1183.3279342599835
t[23][6]=1865.051741909591
t[23][7]=1084.0304423769658
t[23][8]=1801.5695934378998
t[23][9]=838.7288000301409
t[23][10]=1467.5370523431427
t[23][11]=1632.9274325578585
t[23][12]=1875.932301550352
t[23][13]=255.34486483969087
t[23][14]=1769.8615765081743
t[23][15]=1471.7543952711676
t[23][16]=634.0859563182266
t[23][17]=1905.2435539846342
t[23][18]=911.8870544097005
t[23][19]=712.6471777815443
t[23][20]=1174.6463297520663
t[23][21]=1756.2784517268326
t[23][22]=763.560737597213
t[23][24]=1414.724354777283
t[23][25]=1427.0686738906436
t[23][26]=1075.0558125046346
t[23][27]=1955.706777612636
t[23][28]=1838.6573905978241
t[23][29]=689.5578293370324
t[23][30]=1340.0932803353653
t[23][31]=979.0863087593452
t[23][32]=2063.136689606387
t[23][33]=672.0550572683759
t[23][34]=1198.9278543765677
t[23][35]=742.2142547809224
t[23][36]=132.4424403278647
t[23][37]=952.4788711567307
t[23][38]=128.7245120402482
t[23][39]=1301.4395875337434
t[23][40]=1250.3199590504823
t[23][41]=1383.9396663149735
t[23][42]=1709.5268351213442
t[23][43]=337.80023682644156
t[23][44]=1052.1758408174937
t[23][45]=1609.3905678858691
t[23][46]=1542.2010245100994
t[23][47]=449.5152945117663
t[23][48]=1022.5693130541323
t[23][49]=1280.1382737813913
t[23][50]=288.4614358974177
t[24][0]=1200.395351540483
t[24][1]=646.578688173373
t[24][2]=1614.5665052886486
t[24][3]=796.7232894801056
t[24][4]=994.0724319686167
t[24][5]=1399.7321172281502
t[24][6]=879.2411500834114
t[24][7]=877.9117267698388
t[24][8]=961.1503524423221
t[24][9]=1057.2629758011958
t[24][10]=893.5155286843088
t[24][11]=255.8378392654222
t[24][12]=514.7358545895166
t[24][13]=1160.0663774112238
t[24][14]=414.45023826751503
t[24][15]=1079.5934419956432
t[24][16]=807.0749655391376
t[24][17]=1005.4431858638259
t[24][18]=525.0342845948253
t[24][19]=1414.7851426983534
t[24][20]=669.914173607336
t[24][21]=1082.6638444133987
t[24][22]=736.6749622459013
t[24][23]=1414.724354777283
t[24][25]=908.564802311866
t[24][26]=1039.4623610309322
t[24][27]=751.5969664654056
t[24][28]=1097.0505913584843
t[24][29]=824.1899053009568
t[24][30]=1022.8103441009971
t[24][31]=493.1379117447775
t[24][32]=825.0054545274231
t[24][33]=781.2176393297837
t[24][34]=1506.4863092640437
t[24][35]=1131.397808023332
t[24][36]=1354.3566738492486
t[24][37]=672.1108539519355
t[24][38]=1543.2112622709828
t[24][39]=667.0832032063167
t[24][40]=484.87627287793737
t[24][41]=83.2586331859946
t[24][42]=1485.4470707500823
t[24][43]=1121.6104493093849
t[24][44]=366.2963281279243
t[24][45]=202.5561650505854
t[24][46]=1586.5676789850472
t[24][47]=1245.798137741424
t[24][48]=786.6924430805218
t[24][49]=621.486122129851
t[24][50]=1242.0487108000234
t[25][0]=1995.4330357092917
t[25][1]=893.0274351888636
t[25][2]=1350.4462225501613
t[25][3]=1239.5910616005588
t[25][4]=1053.0042734956016
t[25][5]=657.7841591282053
t[25][6]=528.5574708581839
t[25][7]=1563.181691295033
t[25][8]=402.75054314054006
t[25][9]=1595.1429403034701
t[25][10]=50.99019513592785
t[25][11]=1121.2568840368383
t[25][12]=940.1260553776818
t[25][13]=1222.2422018568986
t[25][14]=880.0028409045052
t[25][15]=172.32527382830412
t[25][16]=1126.1438629233833
t[25][17]=511.1731604847813
t[25][18]=1012.3897470836022
t[25][19]=971.8029635682328
t[25][20]=1420.8691002340786
t[25][21]=329.8620923962012
t[25][22]=1188.4864324004714
t[25][23]=1427.0686738906436
t[25][24]=908.564802311866
t[25][26]=1698.1990460484897
t[25][27]=768.9369284928381
t[25][28]=412.09950254762504
t[25][29]=1238.0569453785233
t[25][30]=172.93062192682936
t[25][31]=695.6471806886017
t[25][32]=873.9725396143748
t[25][33]=850.0899952357986
t[25][34]=767.7714503678812
t[25][35]=738.4558212919713
t[25][36]=1306.3598279187859
t[25][37]=1284.033099261853
t[25][38]=1535.87922702275
t[25][39]=253.16002844051033
t[25][40]=1287.6975576586296
t[25][41]=825.708180896859
t[25][42]=576.8856039112087
t[25][43]=1097.489863278928
t[25][44]=823.8015537737228
t[25][45]=933.5057578826174
t[25][46]=713.1542610123003
t[25][47]=1023.8110177176254
t[25][48]=1447.3607014148201
t[25][49]=1426.9299211944503
t[25][50]=1434.4772567036398
t[26][0]=431.8761396511736
t[26][1]=835.9677027254103
t[26][2]=1496.1808045821201
t[26][3]=1756.4538137964232
t[26][4]=926.4178322981483
t[26][5]=1866.9076034983627
t[26][6]=1875.4052895307723
t[26][7]=162.24980739587951
t[26][8]=1912.5794101160873
t[26][9]=237.00843866833097
t[26][10]=1710.279509320041
t[26][11]=1099.6422145407114
t[26][12]=1536.461193782648
t[26][13]=934.650736906573
t[26][14]=1445.1245621052879
t[26][15]=1834.8907324415807
t[26][16]=659.2237859786311
t[26][17]=1982.5503776701362
t[26][18]=685.8870169350051
t[26][19]=1575.9914339868728
t[26][20]=381.57699092057425
t[26][21]=1977.3631431783085
t[26][22]=536.0783524821721
t[26][23]=1075.0558125046346
t[26][24]=1039.4623610309322
t[26][25]=1698.1990460484897
t[26][27]=1789.6345995761258
t[26][28]=2022.2012758377934
t[26][29]=526.806416058119
t[26][30]=1724.2636109365644
t[26][31]=1002.7008526973536
t[26][32]=1864.3100600490252
t[26][33]=954.8617701007827
t[26][34]=1937.6844428337654
t[26][35]=1405.0911002493754
t[26][36]=1121.8306467555608
t[26][37]=416.39524492962215
t[26][38]=1161.062013847667
t[26][39]=1457.51912508893
t[26][40]=572.6159271274246
t[26][41]=1078.3218443488938
t[26][42]=2211.405209363494
t[26][43]=1029.230780728987
t[26][44]=889.1102293866604
t[26][45]=1216.0744220647025
t[26][46]=2181.4749597462724
t[26][47]=1275.2791851198701
t[26][48]=260.969346858975
t[26][49]=472.1662842685827
t[26][50]=786.7204077688591
t[27][0]=1933.920629188282
t[27][1]=1223.206442102068
t[27][2]=2009.7445111257302
t[27][3]=516.4745879518179
t[27][4]=1525.6585463333531
t[27][5]=1426.573517208279
t[27][6]=307.8782226790326
t[27][7]=1628.6512825034092
t[27][8]=481.06548410793306
t[27][9]=1788.2351635061873
t[27][10]=720.8716945476497
t[27][11]=784.5871525840836
t[27][12]=343.3322006453808
t[27][13]=1709.3636242765901
t[27][14]=382.36762415246403
t[27][15]=899.5109782542957
t[27][16]=1445.3705407264947
t[27][17]=438.60004559963284
t[27][18]=1200.6852210300583
t[27][19]=1682.1489232526353
t[27][20]=1421.3166431165155
t[27][21]=673.5822147295755
t[27][22]=1423.5743745937548
t[27][23]=1955.706777612636
t[27][24]=751.5969664654056
t[27][25]=768.9369284928381
t[27][26]=1789.6345995761258
t[27][28]=621.2648388569886
t[27][29]=1504.0827769773844
t[27][30]=941.8667634012785
t[27][31]=990.2307811818415
t[27][32]=111.73182178770737
t[27][33]=1285.863523084779
t[27][34]=1536.7058924856117
t[27][35]=1409.9237568038918
t[27][36]=1860.0860195163018
t[27][37]=1406.037339475734
t[27][38]=2080.6280301870393
t[27][39]=710.8150251647752
t[27][40]=1234.3407147137293
t[27][41]=713.0343610233662
t[27][42]=1209.0810560090667
t[27][43]=1622.0345249099971
t[27][44]=983.780971558202
t[27][45]=601.1730200200271
t[27][46]=1437.0153095913765
t[27][47]=1643.9966544978126
t[27][48]=1533.8151779142102
t[27][49]=1366.7336975431608
t[27][50]=1859.300137148384
t[28][0]=2272.261648666368
t[28][1]=1262.0808215007469
t[28][2]=1751.5321864013804
t[28][3]=1137.6959171940453
t[28][4]=1456.9076841035605
t[28][5]=967.4058093685401
t[28][6]=313.6000637755037
t[28][7]=1875.4522121344494
t[28][8]=149.83324063771698
t[28][9]=1947.646015065366
t[28][10]=371.4000538502923
t[28][11]=1247.6782437792206
t[28][12]=915.6205545967172
t[28][13]=1629.78587550635
t[28][14]=900.5026374197912
t[28][15]=422.6038333948238
t[28][16]=1500.7924573371229
t[28][17]=193.25630649476875
t[28][18]=1344.504741531245
t[28][19]=1359.31195830832
t[28][20]=1705.9850526895011
t[28][21]=94.49338601193207
t[28][22]=1542.4091545371482
t[28][23]=1838.6573905978241
t[28][24]=1097.0505913584843
t[28][25]=412.09950254762504
t[28][26]=2022.2012758377934
t[28][27]=621.2648388569886
