Model loaded successfully from 'datasets/dummy4.txt'
Set parameter Username
Academic license - for non-commercial use only - expires 2023-07-15
t[0][1]=10.44030650891055
t[0][2]=9.433981132056603
t[0][3]=14.866068747318506
t[0][4]=7.810249675906654
t[0][5]=2.23606797749979
t[0][6]=14.422205101855956
t[0][7]=11.180339887498949
t[0][8]=26.40075756488817
t[0][9]=21.095023109728988
t[0][10]=14.317821063276353
t[1][0]=10.44030650891055
t[1][2]=7.0710678118654755
t[1][3]=7.0710678118654755
t[1][4]=4.47213595499958
t[1][5]=9.055385138137417
t[1][6]=5.385164807134504
t[1][7]=8.602325267042627
t[1][8]=18.973665961010276
t[1][9]=15.033296378372908
t[1][10]=13.038404810405298
t[2][0]=9.433981132056603
t[2][1]=7.0710678118654755
t[2][3]=6.324555320336759
t[2][4]=3.1622776601683795
t[2][5]=7.211102550927978
t[2][6]=7.0
t[2][7]=2.0
t[2][8]=17.029386365926403
t[2][9]=11.661903789690601
t[2][10]=6.324555320336759
t[3][0]=14.866068747318506
t[3][1]=7.0710678118654755
t[3][2]=6.324555320336759
t[3][4]=7.0710678118654755
t[3][5]=12.806248474865697
t[3][6]=2.23606797749979
t[3][7]=6.0
t[3][8]=12.083045973594572
t[3][9]=8.0
t[3][10]=8.94427190999916
t[4][0]=7.810249675906654
t[4][1]=4.47213595499958
t[4][2]=3.1622776601683795
t[4][3]=7.0710678118654755
t[4][5]=5.830951894845301
t[4][6]=6.708203932499369
t[4][7]=5.0990195135927845
t[4][8]=18.867962264113206
t[4][9]=13.92838827718412
t[4][10]=9.486832980505138
t[5][0]=2.23606797749979
t[5][1]=9.055385138137417
t[5][2]=7.211102550927978
t[5][3]=12.806248474865697
t[5][4]=5.830951894845301
t[5][6]=12.529964086141668
t[5][7]=8.94427190999916
t[5][8]=24.20743687382041
t[5][9]=18.867962264113206
t[5][10]=12.165525060596439
t[6][0]=14.422205101855956
t[6][1]=5.385164807134504
t[6][2]=7.0
t[6][3]=2.23606797749979
t[6][4]=6.708203932499369
t[6][5]=12.529964086141668
t[6][7]=7.280109889280518
t[6][8]=13.601470508735444
t[6][9]=10.04987562112089
t[6][10]=10.816653826391969
t[7][0]=11.180339887498949
t[7][1]=8.602325267042627
t[7][2]=2.0
t[7][3]=6.0
t[7][4]=5.0990195135927845
t[7][5]=8.94427190999916
t[7][6]=7.280109889280518
t[7][8]=15.556349186104045
t[7][9]=10.0
t[7][10]=4.47213595499958
t[8][0]=26.40075756488817
t[8][1]=18.973665961010276
t[8][2]=17.029386365926403
t[8][3]=12.083045973594572
t[8][4]=18.867962264113206
t[8][5]=24.20743687382041
t[8][6]=13.601470508735444
t[8][7]=15.556349186104045
t[8][9]=5.830951894845301
t[8][10]=14.7648230602334
t[9][0]=21.095023109728988
t[9][1]=15.033296378372908
t[9][2]=11.661903789690601
t[9][3]=8.0
t[9][4]=13.92838827718412
t[9][5]=18.867962264113206
t[9][6]=10.04987562112089
t[9][7]=10.0
t[9][8]=5.830951894845301
t[9][10]=8.94427190999916
t[10][0]=14.317821063276353
t[10][1]=13.038404810405298
t[10][2]=6.324555320336759
t[10][3]=8.94427190999916
t[10][4]=9.486832980505138
t[10][5]=12.165525060596439
t[10][6]=10.816653826391969
t[10][7]=4.47213595499958
t[10][8]=14.7648230602334
t[10][9]=8.94427190999916
Set parameter TimeLimit to value 10
Gurobi Optimizer version 9.5.2 build v9.5.2rc0 (linux64)
Thread count: 8 physical cores, 16 logical processors, using up to 16 threads
Optimize a model with 729 rows, 463 columns and 3500 nonzeros
Model fingerprint: 0x7b33347f
Model has 30 general constraints
Variable types: 103 continuous, 360 integer (360 binary)
Coefficient statistics:
  Matrix range     [1e+00, 1e+04]
  Objective range  [1e+00, 3e+01]
  Bounds range     [1e+00, 1e+00]
  RHS range        [1e+00, 1e+04]
Presolve added 50 rows and 80 columns
Presolve time: 0.01s
Presolved: 779 rows, 543 columns, 3660 nonzeros
Presolved model has 60 SOS constraint(s)
Variable types: 123 continuous, 420 integer (420 binary)

Root relaxation: objective 4.234714e+01, 161 iterations, 0.00 seconds (0.00 work units)

    Nodes    |    Current Node    |     Objective Bounds      |     Work
 Expl Unexpl |  Obj  Depth IntInf | Incumbent    BestBd   Gap | It/Node Time

     0     0   42.34714    0   46          -   42.34714      -     -    0s
     0     0   42.34714    0   72          -   42.34714      -     -    0s
H    0     0                    99279.661328   42.34714   100%     -    0s
     0     0   42.34714    0   79 99279.6613   42.34714   100%     -    0s
     0     0   53.05819    0   39 99279.6613   53.05819   100%     -    0s
H    0     0                    99261.904418   53.05819   100%     -    0s
     0     0   53.05819    0   85 99261.9044   53.05819   100%     -    0s
     0     0   53.05819    0   87 99261.9044   53.05819   100%     -    0s
H    0     0                    99256.829767   53.05819   100%     -    0s
H    0     0                    99247.774382   53.05819   100%     -    0s
     0     0   53.05819    0   63 99247.7744   53.05819   100%     -    0s
H    0     0                    59428.419043   53.05819   100%     -    0s
     0     0   53.05819    0   65 59428.4190   53.05819   100%     -    0s
H    0     0                    59321.140713   53.05819   100%     -    0s
H    0     0                    1036.7495362   53.05819  94.9%     -    0s
     0     0   53.05819    0   69 1036.74954   53.05819  94.9%     -    0s
     0     0   53.05819    0   69 1036.74954   53.05819  94.9%     -    0s
     0     0   53.05819    0   46 1036.74954   53.05819  94.9%     -    0s
     0     0   53.05819    0   47 1036.74954   53.05819  94.9%     -    0s
     0     0   53.05819    0   45 1036.74954   53.05819  94.9%     -    0s
     0     0   53.05819    0   38 1036.74954   53.05819  94.9%     -    0s
     0     2   53.05819    0   38 1036.74954   53.05819  94.9%     -    0s
H   10    16                     999.3688313   54.79569  94.5%  24.4    0s
H   12    16                     996.9483190   56.26252  94.4%  25.7    0s
H   31    35                     824.6926425   59.53256  92.8%  22.5    0s
H  119   126                     816.3041147   60.16748  92.6%  22.0    0s
H  127   126                     798.3474546   60.16748  92.5%  22.3    0s
*  256   223              22     790.6560953   60.16748  92.4%  19.8    0s
H  275   240                     637.8198570   60.16748  90.6%  19.3    0s
H  277   240                     626.6623692   60.16748  90.4%  19.4    0s
H  368   336                     625.3365518   60.16748  90.4%  17.9    0s
*  372   336              42     515.6006273   60.16748  88.3%  17.8    0s
H  636   490                     505.8886788   74.36449  85.3%  15.2    0s
*  934   620              34     497.5987806   85.58453  82.8%  14.2    0s
*  945   614              36     485.9552603   85.58453  82.4%  14.1    0s
*  948   601              36     472.1950255   85.58453  81.9%  14.0    0s
* 1069   661              37     458.1452260   88.06578  80.8%  13.6    0s
* 1076   660              38     457.8976476   88.06578  80.8%  13.5    0s
* 1183   657              47     457.1389955   88.06578  80.7%  13.2    0s
* 1185   606              48     423.3515182   88.06578  79.2%  13.2    0s
* 1263   543              50     208.7943225   88.06578  57.8%  13.0    0s
H 1655   286                     202.4896571  106.80214  47.3%  13.0    0s

Cutting planes:
  Learned: 3
  Implied bound: 6
  MIR: 1
  Flow cover: 4
  RLT: 3

Explored 15350 nodes (176859 simplex iterations) in 2.05 seconds (1.89 work units)
Thread count was 16 (of 16 available processors)

Solution count 10: 202.49 208.794 423.352 ... 505.889

Optimal solution found (tolerance 1.00e-04)
Best objective 2.024896571023e+02, best bound 2.024896571023e+02, gap 0.0000%
========= SOLUTION ==========
0 0 18.7
0 5 20.9
0 1 30.0
0 3 37.1
1 0 65.8
1 4 73.6
1 6 80.3
1 2 87.3
1 9 99.0
1 10 107.9
1 7 112.4
2 0 238.6
2 8 265.0
==========================
========= SOLUTION (description) ==========
Bus 0
	t=18.7	PUB ->  (5) t=20.9
	t=20.9	(5) ->  (1) t=30.0
	t=30.0	(1) ->  (3) t=37.1
	t=37.1	(3) ->  PUB
Bus 1
	t=65.8	PUB ->  (4) t=73.6
	t=73.6	(4) ->  (6) t=80.3
	t=80.3	(6) ->  (2) t=87.3
	t=87.3	(2) ->  (9) t=99.0
	t=99.0	(9) ->  (10) t=107.9
	t=107.9	(10) ->  (7) t=112.4
	t=112.4	(7) ->  PUB
Bus 2
	t=238.6	PUB ->  (8) t=265.0
	t=265.0	(8) ->  PUB
==========================================
========= SOLUTION COST ==========
202.4896571019874
==========================================
